0	9.071
1	19.331
2	23.817
3	24.251
4	28.303
5	29.583
6	35.937
7	38.661
8	46.917
9	42.478
10	46.635
11	49.149
12	47.305
13	46.823
14	48.843
15	49.196
16	31.028
17	30.581
18	29.066
19	32.871
20	44.486
21	44.416
22	40.681
23	44.956
24	51.897
25	51.192
26	52.096
27	51.709
28	43.171
29	46.271
30	37.757
31	44.839
32	52.519
33	52.942
34	55.173
35	51.509
36	51.756
37	48.268
38	46.682
39	50.957
40	55.068
41	56.371
42	56.735
43	54.891
44	55.373
45	55.737
46	53.271
47	53.388
48	53.905
49	55.479
50	52.566
51	50.1
52	45.332
53	50.053
54	49.642
55	38.978
56	44.721
57	42.055
58	49.701
59	51.392
60	43.253
61	58.462
62	55.925
63	51.028
64	38.755
65	45.414
66	51.638
67	54.433
68	53.729
69	52.742
70	53.506
71	48.409
72	42.572
73	48.221
74	46.295
75	51.403
76	42.631
77	55.596
78	46.964
79	52.977
80	55.608
81	55.667
82	53.6
83	44.498
84	48.115
85	50.828
86	51.65
87	50.957
88	50.793
89	45.825
90	44.627
91	47.176
92	44.416
93	43.641
94	31.521
95	36.336
96	44.181
97	38.755
98	41.644
99	40.693
100	43.758
101	38.614
102	38.943
103	41.785
104	48.056
105	51.991
106	50.816
107	49.102
108	50.452
109	44.568
110	44.627
111	34.95
112	38.638
113	39.742
114	43.23
115	45.684
116	49.701
117	43.335
118	48.409
119	47.305
120	53.506
121	51.169
122	48.526
123	54.316
124	51.544
125	45.884
126	45.379
127	53.236
128	53.564
129	47.634
130	51.58
131	43.324
132	50.006
133	43.864
134	38.908
135	46.765
136	47.763
137	52.613
138	54.328
139	53.6
140	54.586
141	55.667
142	55.913
143	55.15
144	47.974
145	47.962
146	47.857
147	47.082
148	53.459
149	55.15
150	55.866
151	51.744
152	58.896
153	55.467
154	53.764
155	54.657
156	48.867
157	50.558
158	53.283
159	44.733
160	52.261
161	56.559
162	51.721
163	55.385
164	55.314
165	44.146
166	44.157
167	41.022
168	44.522
169	42.631
170	42.924
171	44.686
172	44.874
173	50.241
174	43.958
175	43.441
176	49.348
177	47.093
178	52.143
179	45.59
180	44.627
181	48.374
182	44.228
183	40.869
184	47.211
185	52.073
186	49.818
187	50.44
188	47.892
189	47.399
190	48.855
191	52.496
192	46.389
193	39.624
194	39.765
195	49.278
196	43.723
197	47.199
198	48.28
199	53.47
200	54.504
201	55.937
202	42.337
203	52.707
204	56.101
205	56.277
206	48.374
207	51.239
208	45.531
209	46.036
210	47.387
211	49.043
212	48.749
213	54.116
214	43.077
215	59.577
216	49.548
217	52.014
218	56.747
219	55.995
220	54.809
221	53.647
222	54.293
223	54.022
224	37.487
225	43.359
226	43.453
227	33.682
228	32.59
229	47.728
230	48.162
231	49.113
232	38.238
233	49.818
234	56.63
235	47.892
236	41.574
237	51.509
238	40.258
239	36.723
240	49.395
241	51.486
242	46.13
243	44.698
244	46.33
245	50.112
246	50.523
247	41.221
248	45.461
249	46.8
250	32.778
251	38.415
252	46.459
253	39.366
254	48.327
255	41.609
256	48.867
257	52.918
258	46.142
259	56.5
260	53.423
261	45.555
262	46.342
263	46.976
264	55.937
265	48.832
266	55.69
267	43.735
268	52.613
269	53.447
270	42.537
271	35.432
272	52.507
273	50.534
274	50.135
275	41.351
276	52.954
277	52.049
278	53.376
279	45.719
280	40.951
281	46.436
282	47.775
283	34.891
284	44.31
285	36.982
286	49.29
287	49.313
288	49.759
289	47.199
290	42.478
291	41.973
292	41.245
293	42.114
294	38.391
295	41.656
296	43.735
297	49.912
298	50.288
299	37.534
300	38.955
301	30.147
302	41.21
303	43.406
304	39.166
305	53.541
306	54.316
307	47.481
308	57.358
309	55.126
310	52.601
311	54.469
312	45.449
313	40.164
314	42.913
315	41.081
316	38.426
317	41.938
318	44.216
319	48.009
320	46.236
321	42.455
322	48.209
323	39.753
324	29.372
325	34.304
326	19.46
327	37.322
328	46.835
329	48.608
330	53.764
331	54.022
332	52.496
333	52.261
334	44.263
335	45.661
336	52.742
337	50.769
338	54.351
339	54.022
340	51.556
341	51.298
342	41.797
343	36.453
344	36.958
345	39.542
346	52.214
347	43.5
348	53.247
349	41.644
350	44.475
351	49.877
352	48.914
353	54.011
354	55.843
355	51.803
356	56.524
357	54.339
358	52.989
359	44.651
360	52.167
361	53.987
362	53.224
363	45.038
364	44.651
365	51.85
366	47.422
367	42.819
368	56.007
369	50.217
370	51.11
371	44.31
372	46.941
373	54.48
374	53.012
375	44.686
376	48.421
377	55.15
378	55.514
379	49.865
380	49.63
381	48.879
382	52.484
383	49.618
384	53.999
385	47.422
386	56.207
387	47.598
388	48.479
389	50.875
390	52.613
391	52.601
392	54.445
393	47.387
394	40.775
395	43.5
396	49.677
397	50.969
398	47.998
399	43.793
400	44.251
401	52.39
402	53.4
403	51.685
404	54.492
405	55.302
406	51.944
407	41.339
408	40.059
409	36.371
410	37.099
411	36.442
412	40.458
413	42.572
414	41.997
415	48.949
416	52.437
417	51.509
418	48.362
419	53.447
420	55.361
421	53.106
422	53.752
423	54.774
424	56.125
425	56.254
426	54.809
427	55.396
428	51.286
429	53.012
430	53.811
431	55.385
432	52.249
433	48.092
434	55.15
435	45.743
436	39.284
437	45.085
438	48.914
439	48.855
440	52.766
441	50.288
442	54.598
443	58.697
444	53.564
445	45.391
446	51.709
447	52.402
448	50.628
449	52.566
450	50.229
451	42.102
452	45.743
453	45.649
454	51.838
455	39.589
456	24.639
457	28.925
458	28.303
459	46.424
460	38.92
461	33.224
462	40.799
463	51.016
464	51.721
465	51.756
466	48.644
467	46.377
468	50.875
469	40.247
470	48.432
471	53.2
472	52.39
473	54.516
474	53.623
475	54.809
476	53.658
477	51.756
478	54.081
479	51.908
480	46.142
481	54.163
482	54.798
483	52.883
484	51.732
485	42.384
486	39.084
487	35.772
488	29.113
489	43.57
490	44.909
491	40.693
492	44.745
493	34.14
494	44.921
495	37.886
496	46.283
497	48.55
498	51.004
499	50.358
500	46.271
501	57.205
502	55.42
503	49.137
504	50.945
505	47.34
506	54.715
507	52.179
508	52.59
509	49.607
510	51.591
511	44.944
512	55.62
513	49.113
514	44.886
515	45.379
516	44.651
517	52.848
518	51.721
519	43.887
520	48.926
521	43.981
522	44.933
523	45.038
524	41.034
525	49.219
526	54.574
527	51.908
528	45.308
529	47.716
530	52.907
531	55.526
532	50.887
533	47.223
534	47.739
535	38.591
536	45.672
537	41.456
538	52.226
539	44.58
540	63.465
541	54.727
542	55.256
543	50.44
544	51.368
545	51.204
546	50.37
547	51.38
548	55.361
549	53.928
550	55.784
551	53.353
552	54.128
553	49.407
554	53.083
555	52.378
556	54.809
557	54.621
558	57.17
559	55.702
560	55.631
561	51.826
562	42.866
563	41.632
564	46.26
565	40.869
566	49.524
567	39.836
568	48.972
569	38.92
570	44.944
571	44.475
572	50.17
573	38.931
574	47.375
575	46.823
576	52.261
577	59.319
578	51.321
579	49.877
580	51.674
581	43.359
582	45.308
583	49.959
584	52.519
585	54.621
586	55.772
587	54.445
588	55.678
589	38.802
590	46.295
591	42.09
592	39.953
593	40.799
594	44.862
595	45.379
596	44.345
597	45.167
598	50.487
599	45.461
600	44.721
601	42.783
602	41.938
603	49.477
604	56.77
605	56.136
606	54.163
607	55.643
608	54.774
609	56.054
610	45.872
611	50.781
612	44.85
613	43.793
614	45.238
615	46.025
616	40.951
617	40.317
618	45.931
619	40.094
620	43.324
621	48.843
622	40.975
623	42.361
624	45.297
625	43.406
626	40.529
627	29.818
628	43.265
629	39.953
630	43.617
631	42.642
632	49.278
633	52.331
634	45.543
635	48.409
636	50.3
637	46.53
638	39.554
639	43.183
640	42.325
641	47.246
642	51.533
643	53.142
644	41.586
645	51.591
646	49.137
647	52.484
648	43.089
649	44.498
650	41.632
651	40.787
652	39.096
653	32.378
654	29.536
655	34.704
656	34.046
657	32.801
658	32.86
659	34.304
660	33.142
661	38.755
662	34.563
663	34.809
664	34.093
665	29.09
666	24.615
667	24.51
668	36.336
669	30.405
670	32.049
671	29.254
672	33.247
673	33.388
674	50.581
675	56.724
676	56.207
677	54.022
678	52.707
679	50.452
680	53.036
681	50.593
682	49.301
683	52.402
684	54.093
685	47.845
686	46.354
687	51.92
688	53.752
689	53.705
690	54.14
691	54.68
692	41.762
693	49.384
694	51.979
695	53.647
696	52.672
697	51.133
698	49.055
699	43.981
700	51.779
701	49.806
702	51.133
703	52.965
704	55.302
705	51.345
706	54.257
707	48.832
708	45.661
709	53.623
710	51.075
711	47.822
712	54.069
713	55.69
714	46.917
715	43.465
716	53.694
717	53.846
718	53.376
719	49.066
720	37.111
721	35.749
722	36.911
723	36.806
724	39.483
725	44.275
726	44.874
727	35.244
728	47.81
729	44.545
730	47.728
731	46.976
732	48.103
733	50.734
734	52.825
735	47.281
736	43.558
737	54.433
738	54.61
739	40.54
740	45.461
741	43.018
742	57.769
743	45.085
744	35.866
745	44.099
746	46.999
747	50.182
748	43.241
749	43.206
750	43.594
751	44.686
752	45.755
753	42.537
754	40.012
755	46.494
756	35.984
757	39.46
758	36.794
759	41.961
760	46.036
761	38.344
762	37.675
763	46.095
764	40.752
765	50.652
766	47.81
767	40.035
768	48.338
769	42.772
770	39.378
771	45.661
772	49.877
773	42.49
774	50.593
775	50.206
776	46.342
777	33.588
778	33.47
779	34.797
780	33.553
781	28.714
782	37.005
783	37.816
784	42.29
785	44.615
786	53.694
787	49.066
788	56.242
789	52.014
790	54.751
791	43.335
792	43.23
793	39.883
794	38.109
795	46.671
796	45.555
797	43.735
798	46.812
799	47.152
800	46.189
801	54.692
802	52.742
803	49.654
804	47.904
805	49.9
806	50.546
807	45.473
808	48.221
809	48.597
810	45.79
811	43.57
812	37.851
813	43.923
814	46.283
815	52.86
816	46.6
817	53.647
818	45.273
819	56.618
820	53.247
821	53.412
822	53.635
823	50.687
824	52.425
825	53.741
826	50.781
827	54.422
828	49.982
829	48.785
830	51.568
831	48.033
832	48.432
833	56.113
834	53.553
835	51.568
836	51.58
837	53.917
838	53.917
839	43.829
840	47.34
841	40.787
842	50.934
843	52.014
844	52.167
845	44.733
846	45.32
847	55.138
848	54.328
849	53.564
850	52.026
851	52.613
852	46.436
853	47.575
854	51.145
855	52.93
856	50.476
857	49.912
858	50.84
859	56.301
860	45.12
861	49.947
862	54.199
863	52.331
864	57.393
865	53.177
866	55.678
867	54.551
868	56.266
869	53.964
870	53.834
871	56.16
872	55.913
873	55.302
874	55.467
875	55.42
876	55.514
877	54.375
878	55.655
879	54.469
880	54.704
881	47.246
882	50.217
883	50.816
884	49.489
885	47.587
886	48.244
887	45.426
888	43.335
889	49.231
890	40.059
891	47.739
892	45.109
893	39.93
894	52.343
895	51.31
896	53.975
897	46.553
898	56.066
899	54.163
900	53.318
901	54.997
902	53.905
903	53.682
904	55.737
905	55.185
906	51.897
907	52.261
908	46.624
909	45.179
910	46.107
911	52.554
912	55.432
913	55.96
914	53.306
915	53.095
916	46.906
917	45.015
918	55.032
919	53.905
920	56.395
921	55.385
922	42.877
923	49.372
924	54.539
925	35.631
926	45.802
927	47.352
928	47.751
929	49.759
930	44.216
931	46.706
932	44.263
933	51.544
934	50.558
935	50.793
936	50.499
937	51.274
938	51.768
939	52.061
940	52.308
941	51.979
942	53.33
943	49.489
944	48.608
945	51.439
946	52.366
947	53.928
948	56.16
949	41.127
950	43.887
951	38.145
952	40.904
953	45.731
954	41.726
955	57.193
956	52.836
957	53.318
958	51.497
959	53.811
960	54.492
961	56.066
962	50.182
963	35.608
964	42.443
965	47.258
966	46.236
967	50.64
968	50.957
969	41.445
970	51.321
971	45.578
972	51.427
973	47.692
974	52.871
975	46.577
976	58.156
977	55.972
978	57.123
979	55.091
980	54.68
981	48.291
982	55.655
983	53.94
984	49.454
985	46.142
986	51.615
987	54.704
988	51.169
989	52.613
990	55.185
991	52.366
992	55.913
993	39.272
994	42.443
995	54.14
996	48.644
997	48.55
998	42.278
999	46.635
1000	48.761
1001	49.219
1002	51.932
1003	53.083
1004	56.183
1005	51.944
1006	52.202
1007	48.573
1008	41.092
1009	57.957
1010	50.664
1011	48.961
1012	47.54
1013	45.449
1014	52.331
1015	48.984
1016	49.806
1017	49.947
1018	47.692
1019	51.192
1020	48.362
1021	44.604
1022	37.804
1023	38.65
1024	42.549
1025	37.945
1026	41.609
1027	44.745
1028	48.315
1029	46.471
1030	47.011
1031	47.634
1032	46.506
1033	48.15
1034	47.328
1035	47.692
1036	40.681
1037	37.851
1038	45.508
1039	48.89
1040	46.412
1041	49.501
1042	43.993
1043	45.731
1044	46.354
1045	47.34
1046	41.327
1047	50.229
1048	47.328
1049	45.837
1050	35.197
1051	48.174
1052	54.469
1053	53.142
1054	50.699
1055	44.639
1056	55.009
1057	53.682
1058	49.031
1059	52.801
1060	49.113
1061	43.453
1062	47.669
1063	49.055
1064	47.845
1065	53.2
1066	49.771
1067	53.47
1068	52.061
1069	52.226
1070	52.543
1071	46.483
1072	55.561
1073	48.491
1074	46.506
1075	40.834
1076	48.327
1077	46.119
1078	50.229
1079	41.456
1080	55.443
1081	45.59
1082	41.104
1083	41.997
1084	48.021
1085	48.655
1086	50.91
1087	44.933
1088	47.986
1089	49.548
1090	53.564
1091	53.682
1092	50.828
1093	44.134
1094	47.857
1095	59.894
1096	52.66
1097	55.866
1098	46.036
1099	32.355
1100	21.503
1101	20.364
1102	17.757
1103	15.937
1104	15.455
1105	17.851
1106	14.398
1107	14.433
1108	19.378
1109	41.644
1110	54.527
1111	52.073
1112	53.224
1113	50.053
1114	47.375
1115	60.305
1116	48.291
1117	47.07
1118	54.339
1119	51.627
1120	52.214
1121	47.692
1122	51.169
1123	43.629
1124	51.756
1125	45.954
1126	54.997
1127	53.823
1128	55.091
1129	34.809
1130	30.253
1131	31.533
1132	27.176
1133	21.75
1134	10.722
1135	32.907
1136	28.561
1137	25.414
1138	27.27
1139	31.145
1140	33.752
1141	20.716
1142	24.063
1143	51.662
1144	47.434
1145	45.614
1146	55.796
1147	50.828
1148	50.793
1149	51.192
1150	57.757
1151	47.399
1152	49.337
1153	58.779
1154	51.31
1155	55.749
1156	44.968
1157	39.084
1158	35.279
1159	33.13
1160	38.661
1161	31.098
1162	37.334
1163	49.078
1164	41.765
1165	41.95
1166	46.295
1167	50.711
1168	51.251
1169	38.673
1170	50.511
1171	54.081
1172	50.253
1173	54.069
1174	45.261
1175	50.875
1176	41.938
1177	50.593
1178	45.297
1179	48.033
1180	48.432
1181	52.86
1182	55.162
1183	47.399
1184	54.551
1185	54.563
1186	48.315
1187	49.254
1188	41.01
1189	35.807
1190	42.795
1191	40.622
1192	54.997
1193	46.154
1194	43.312
1195	51.051
1196	48.761
1197	49.149
1198	50.276
1199	48.702
1200	39.554
1201	49.571
1202	44.122
1203	51.157
1204	36.723
1205	42.044
1206	35.056
1207	40.411
1208	34.891
1209	38.967
1210	43.582
1211	50.311
1212	52.543
1213	48.667
1214	38.591
1215	36.254
1216	42.689
1217	49.689
1218	53.259
1219	52.766
1220	51.756
1221	50.863
1222	45.332
1223	44.615
1224	55.373
1225	51.509
1226	42.525
1227	37.358
1228	37.628
1229	45.367
1230	48.585
1231	49.16
1232	42.337
1233	44.592
1234	45.449
1235	43.147
1236	45.766
1237	47.105
1238	55.878
1239	53.435
1240	55.843
1241	55.643
1242	56.688
1243	51.333
1244	54.504
1245	55.173
1246	54.504
1247	53.834
1248	54.081
1249	40.975
1250	42.055
1251	49.125
1252	50.394
1253	48.832
1254	48.702
1255	50.476
1256	48.115
1257	46.647
1258	50.323
1259	40.329
1260	41.092
1261	45.637
1262	45.109
1263	44.404
1264	55.15
1265	51.967
1266	51.908
1267	52.754
1268	40.893
1269	38.861
1270	49.783
1271	46.095
1272	58.121
1273	54.152
1274	56.383
1275	51.368
1276	52.038
1277	48.726
1278	42.384
1279	47.328
1280	54.433
1281	55.62
1282	48.256
1283	40.799
1284	51.615
1285	44.122
1286	54.293
1287	40.035
1288	35.443
1289	38.368
1290	44.533
1291	50.996
1292	55.725
1293	40.012
1294	38.52
1295	39.002
1296	41.104
1297	39.201
1298	37.111
1299	0.787
1300	30.253
1301	53.177
1302	56.254
1303	49.607
1304	46.788
1305	50.347
1306	46.224
1307	45.872
1308	45.86
1309	52.214
1310	49.36
1311	46.694
1312	53.788
1313	48.467
1314	58.779
1315	47.892
1316	51.791
1317	50.264
1318	46.083
1319	46.342
1320	44.017
1321	49.935
1322	46.365
1323	53.048
1324	46.295
1325	56.195
1326	53.529
1327	56.289
1328	48.467
1329	52.825
1330	50.335
1331	51.533
1332	52.59
1333	50.981
1334	52.46
1335	48.374
1336	45.79
1337	44.498
1338	56.359
1339	49.16
1340	37.299
1341	53.447
1342	54.621
1343	52.601
1344	44.345
1345	39.295
1346	48.35
1347	41.503
1348	42.549
1349	40.857
1350	37.569
1351	45.344
1352	41.351
1353	41.315
1354	42.466
1355	47.998
1356	41.174
1357	45.402
1358	47.07
1359	37.886
1360	51.462
1361	52.12
1362	45.402
1363	50.722
1364	47.093
1365	47.81
1366	48.456
1367	36.794
1368	43.934
1369	40.211
1370	33.541
1371	47.07
1372	38.849
1373	46.013
1374	40.505
1375	47.293
1376	30.84
1377	41.961
1378	44.862
1379	50.711
1380	53.506
1381	53.881
1382	53.799
1383	50.264
1384	55.302
1385	49.865
1386	41.386
1387	42.924
1388	40.881
1389	36.876
1390	46.494
1391	46.189
1392	41.327
1393	39.295
1394	39.413
1395	49.959
1396	49.548
1397	43.265
1398	42.783
1399	41.327
1400	52.437
1401	45.109
1402	41.926
1403	52.343
1404	41.762
1405	48.538
1406	41.456
1407	40.564
1408	40.47
1409	33.189
1410	38.462
1411	34.692
1412	32.331
1413	30.499
1414	39.472
1415	34.316
1416	50.288
1417	39.554
1418	43.664
1419	37.581
1420	31.075
1421	41.174
1422	35.314
1423	35.361
1424	27.904
1425	24.874
1426	30.898
1427	31.239
1428	26.318
1429	30.217
1430	30.617
1431	35.044
1432	27.528
1433	25.684
1434	37.17
1435	39.084
1436	42.149
1437	38.861
1438	35.901
1439	30.053
1440	40.599
1441	33.917
1442	40.846
1443	48.397
1444	47.998
1445	54.163
1446	50.687
1447	54.504
1448	49.348
1449	43.652
1450	46.036
1451	54.492
1452	53.564
1453	53.741
1454	54.551
1455	54.152
1456	52.66
1457	48.902
1458	52.484
1459	52.472
1460	51.791
1461	52.543
1462	49.971
1463	44.897
1464	51.075
1465	42.948
1466	51.603
1467	46.917
1468	44.24
1469	45.026
1470	35.009
1471	34.093
1472	41.339
1473	43.23
1474	43.406
1475	50.523
1476	42.02
1477	45.496
1478	41.856
1479	40.775
1480	37.91
1481	42.466
1482	40.141
1483	40.681
1484	38.274
1485	45.731
1486	45.026
1487	46.154
1488	39.613
1489	41.069
1490	35.126
1491	38.485
1492	33.177
1493	37.264
1494	39.108
1495	49.889
1496	45.367
1497	51.932
1498	50.288
1499	49.219
1500	49.372
1501	42.314
1502	30.417
1503	21.433
1504	44.803
1505	50.311
1506	49.278
1507	31.298
1508	37.452
1509	40.071
1510	36.383
1511	42.607
1512	45.661
1513	33.517
1514	36.547
1515	48.984
1516	54.339
1517	52.801
1518	51.638
1519	52.284
1520	49.337
1521	49.43
1522	46.518
1523	32.613
1524	35.984
1525	37.593
1526	39.014
1527	40.176
1528	37.264
1529	44.792
1530	53.306
1531	47.892
1532	42.83
1533	40.834
1534	41.257
1535	45.825
1536	45.461
1537	51.239
1538	52.085
1539	51.368
1540	50.805
1541	48.009
1542	45.402
1543	50.687
1544	49.654
1545	42.49
1546	47.223
1547	49.43
1548	26.741
1549	34.187
1550	41.738
1551	48.162
1552	51.403
1553	46.271
1554	50.664
1555	53.741
1556	47.375
1557	54.081
1558	50.487
1559	53.823
1560	51.744
1561	45.109
1562	49.912
1563	42.513
1564	45.12
1565	39.718
1566	43.923
1567	40.106
1568	44.122
1569	44.193
1570	34.95
1571	38.896
1572	36.453
1573	58.65
1574	54.445
1575	50.206
1576	50.57
1577	46.812
1578	52.722
1579	50.088
1580	48.808
1581	50.17
1582	48.773
1583	40.916
1584	53.999
1585	49.019
1586	53.658
1587	45.966
1588	44.792
1589	52.049
1590	47.14
1591	47.387
1592	45.25
1593	39.46
1594	38.426
1595	38.673
1596	38.074
1597	41.034
1598	34.022
1599	35.173
1600	46.765
1601	37.346
1602	50.898
1603	45.543
1604	46.788
1605	42.607
1606	47.657
1607	48.561
1608	52.965
1609	49.078
1610	46.835
1611	48.045
1612	49.994
1613	44.369
1614	52.848
1615	47.916
1616	45.179
1617	50.769
1618	53.623
1619	51.298
1620	44.381
1621	38.743
1622	31.791
1623	23.652
1624	33.47
1625	29.442
1626	42.936
1627	48.033
1628	44.369
1629	50.358
1630	51.251
1631	42.595
1632	47.916
1633	47.892
1634	44.204
1635	49.372
1636	43.065
1637	35.385
1638	39.789
1639	48.984
1640	48.726
1641	52.86
1642	50.452
1643	54.527
1644	54.927
1645	44.31
1646	54.762
1647	52.39
1648	42.478
1649	49.254
1650	52.86
1651	45.99
1652	53.095
1653	45.802
1654	51.826
1655	54.222
1656	53.048
1657	49.16
1658	42.595
1659	36.031
1660	51.321
1661	48.15
1662	57.616
1663	46.283
1664	55.678
1665	50.511
1666	38.861
1667	43.112
1668	45.813
1669	47.422
1670	51.075
1671	52.496
1672	52.472
1673	50.347
1674	46.612
1675	47.434
1676	51.028
1677	50.288
1678	51.638
1679	46.659
1680	47.187
1681	52.014
1682	48.996
1683	54.821
1684	47.622
1685	52.965
1686	48.879
1687	41.621
1688	40.846
1689	52.695
1690	48.479
1691	50.1
1692	54.234
1693	51.638
1694	55.22
1695	46.283
1696	49.313
1697	51.321
1698	54.974
1699	50.065
1700	39.084
1701	56.794
1702	51.122
1703	52.038
1704	55.056
1705	55.49
1706	55.549
1707	52.66
1708	44.404
1709	37.311
1710	44.674
1711	45.426
1712	58.45
1713	51.368
1714	43.605
1715	44.956
1716	39.542
1717	49.16
1718	46.33
1719	38.015
1720	46.142
1721	45.719
1722	56.735
1723	49.689
1724	55.819
1725	53.67
1726	44.803
1727	45.508
1728	49.407
1729	52.813
1730	47.775
1731	40.587
1732	51.145
1733	51.979
1734	40.153
1735	47.293
1736	52.566
1737	54.774
1738	45.438
1739	49.254
1740	48.397
1741	42.56
1742	44.522
1743	39.319
1744	47.904
1745	45.743
1746	43.312
1747	47.258
1748	43.594
1749	38.955
1750	40.376
1751	41.351
1752	45.86
1753	46.518
1754	38.826
1755	41.421
1756	42.044
1757	47.716
1758	46.389
1759	41.832
1760	41.315
1761	36.289
1762	43.558
1763	42.008
1764	44.31
1765	41.621
1766	44.451
1767	44.568
1768	42.866
1769	48.597
1770	48.491
1771	49.031
1772	49.994
1773	49.759
1774	47.387
1775	39.8
1776	44.287
1777	44.721
1778	39.624
1779	47.023
1780	43.594
1781	50.91
1782	52.32
1783	49.419
1784	51.251
1785	46.412
1786	51.873
1787	51.685
1788	50.558
1789	38.379
1790	44.11
1791	34.574
1792	36.63
1793	34.457
1794	46.812
1795	51.474
1796	51.263
1797	46.635
1798	42.184
1799	51.462
1800	54.14
1801	49.477
1802	49.712
1803	51.286
1804	44.017
1805	46.307
1806	40.129
1807	34.422
1808	43.911
1809	42.231
1810	49.219
1811	48.926
1812	45.132
1813	46.354
1814	39.8
1815	47.234
1816	41.82
1817	40.294
1818	42.196
1819	42.701
1820	43.206
1821	43.699
1822	40.458
1823	45.966
1824	41.691
1825	43.923
1826	51.11
1827	44.028
1828	50.44
1829	48.738
1830	46.318
1831	44.627
1832	46.553
1833	43.124
1834	53.4
1835	53.576
1836	56.066
1837	49.618
1838	48.397
1839	47.587
1840	51.544
1841	51.086
1842	43.394
1843	40.998
1844	42.76
1845	44.98
1846	41.456
1847	48.291
1848	58.156
1849	51.263
1850	58.004
1851	46.448
1852	50.464
1853	50.041
1854	47.728
1855	47.011
1856	47.88
1857	43.582
1858	39.718
1859	36.359
1860	53.717
1861	35.032
1862	48.867
1863	49.43
1864	58.532
1865	49.43
1866	50.992
1867	40.352
1868	44.568
1869	51.979
1870	49.172
1871	49.889
1872	47.117
1873	36.677
1874	39.178
1875	48.162
1876	47.234
1877	45.59
1878	48.456
1879	45.743
1880	57.287
1881	48.303
1882	37.522
1883	43.864
1884	50.758
1885	40.27
1886	42.137
1887	49.618
1888	46.377
1889	49.36
1890	47.246
1891	50.687
1892	50.135
1893	47.681
1894	46.483
1895	49.372
1896	50.006
1897	53.553
1898	48.315
1899	47.54
1900	45.167
1901	49.231
1902	43.406
1903	51.791
1904	45.743
1905	49.231
1906	43.84
1907	39.049
1908	54.704
1909	51.239
1910	46.506
1911	47.399
1912	46.776
1913	50.464
1914	49.09
1915	45.485
1916	49.09
1917	43.899
1918	42.09
1919	43.735
1920	48.209
1921	41.139
1922	40.576
1923	44.709
1924	45.59
1925	52.167
1926	44.169
1927	54.293
1928	51.227
1929	48.233
1930	49.689
1931	51.345
1932	50.793
1933	52.061
1934	49.395
1935	46.494
1936	47.375
1937	46.271
1938	44.31
1939	55.267
1940	51.732
1941	44.251
1942	47.387
1943	51.815
1944	53.893
1945	50.628
1946	47.129
1947	50.534
1948	50.347
1949	53.318
1950	53.987
1951	44.298
1952	48.714
1953	49.278
1954	49.935
1955	49.384
1956	48.937
1957	48.491
1958	48.068
1959	48.068
1960	51.873
1961	44.768
1962	49.466
1963	48.726
1964	48.479
1965	46.565
1966	43.582
1967	42.09
1968	49.266
1969	42.913
1970	50.44
1971	40.928
1972	40.071
1973	38.109
1974	43.453
1975	36.723
1976	39.342
1977	40.552
1978	46.906
1979	54.445
1980	48.221
1981	49.771
1982	46.13
1983	45.966
1984	52.39
1985	50.3
1986	45.261
1987	46.33
1988	49.254
1989	52.59
1990	55.302
1991	51.979
1992	52.179
1993	54.257
1994	53.705
1995	51.45
1996	52.93
1997	51.568
1998	51.533
1999	50.264
2000	47.305
2001	46.577
2002	43.582
2003	44.639
2004	47.14
2005	46.142
2006	43.1
2007	42.137
2008	56.089
2009	49.149
2010	48.949
2011	40.587
2012	48.914
2013	48.738
2014	59.554
2015	53.928
2016	56.219
2017	51.521
2018	42.055
2019	41.715
2020	43.981
2021	45.684
2022	46.541
2023	51.357
2024	44.463
2025	48.092
2026	49.595
2027	46.189
2028	49.231
2029	53.059
2030	50.957
2031	55.373
2032	48.738
2033	48.103
2034	45.731
2035	44.216
2036	45.743
2037	35.103
2038	52.954
2039	46.753
2040	53.776
2041	47.422
2042	42.736
2043	52.237
2044	53.647
2045	50.734
2046	54.175
2047	47.129
2048	48.35
2049	45.132
2050	49.172
2051	51.603
2052	48.82
2053	50.241
2054	50.722
2055	44.345
2056	44.745
2057	41.292
2058	43.03
2059	41.961
2060	38.098
2061	49.301
2062	47.399
2063	40.893
2064	41.386
2065	40.176
2066	43.805
2067	39.815
2068	47.493
2069	44.944
2070	48.761
2071	50.135
2072	44.157
2073	51.791
2074	52.273
2075	47.528
2076	44.85
2077	59.319
2078	51.509
2079	57.182
2080	52.085
2081	51.333
2082	46.307
2083	47.857
2084	47.199
2085	46.882
2086	42.736
2087	51.357
2088	53.741
2089	52.343
2090	43.206
2091	38.485
2092	41.961
2093	44.369
2094	47.281
2095	47.317
2096	45.132
2097	45.543
2098	48.256
2099	36.113
2100	44.78
2101	30.523
2102	16.817
2103	31.274
2104	44.04
2105	42.22
2106	42.572
2107	45.79
2108	44.686
2109	45.402
2110	49.724
2111	38.438
2112	35.126
2113	37.146
2114	38.156
2115	42.055
2116	37.499
2117	44.334
2118	50.3
2119	47.375
2120	47.716
2121	35.302
2122	45.426
2123	40.634
2124	43.97
2125	53.834
2126	44.522
2127	48.996
2128	47.187
2129	48.35
2130	46.635
2131	48.021
2132	44.827
2133	43.1
2134	59.178
2135	49.489
2136	60.376
2137	53.776
2138	56.054
2139	53.846
2140	46.389
2141	50.229
2142	48.761
2143	50.452
2144	53.083
2145	43.406
2146	47.798
2147	42.49
2148	52.672
2149	49.149
2150	50.523
2151	50.112
2152	39.448
2153	43.958
2154	45.438
2155	49.56
2156	46.166
2157	40.54
2158	45.802
2159	45.097
2160	45.802
2161	50.758
2162	43.371
2163	41.715
2164	52.695
2165	41.351
2166	44.251
2167	41.997
2168	45.766
2169	48.385
2170	43.241
2171	51.122
2172	49.043
2173	50.253
2174	49.337
2175	52.625
2176	49.982
2177	50.652
2178	53.095
2179	48.338
2180	47.657
2181	50.746
2182	46.001
2183	54.504
2184	51.263
2185	50.934
2186	43.923
2187	46.177
2188	43.3
2189	47.869
2190	46.295
2191	49.571
2192	33.811
2193	48.597
2194	43.194
2195	36.97
2196	35.725
2197	52.261
2198	48.162
2199	50.088
2200	51.474
2201	46.894
2202	50.065
2203	48.597
2204	52.249
2205	40.669
2206	50.828
2207	46.624
2208	35.068
2209	38.051
2210	38.191
2211	29.325
2212	36.265
2213	40.047
2214	40.047
2215	43.558
2216	44.803
2217	39.695
2218	35.96
2219	45.637
2220	50.816
2221	48.926
2222	44.886
2223	39.812
2224	45.402
2225	46.166
2226	39.859
2227	53.647
2228	52.39
2229	47.27
2230	49.924
2231	43.605
2232	44.169
2233	54.445
2234	51.779
2235	49.43
2236	49.618
2237	49.337
2238	44.275
2239	49.618
2240	44.063
2241	36.77
2242	54.011
2243	52.59
2244	51.674
2245	41.362
2246	47.798
2247	41.938
2248	46.271
2249	47.751
2250	52.766
2251	52.59
2252	43.371
2253	52.554
2254	44.803
2255	41.492
2256	47.528
2257	45.531
2258	44.721
2259	47.046
2260	49.724
2261	43.793
2262	47.763
2263	47.563
2264	45.332
2265	47.364
2266	56.583
2267	39.166
2268	41.233
2269	37.569
2270	41.456
2271	51.932
2272	46.988
2273	47.27
2274	47.422
2275	46.588
2276	51.709
2277	53.388
2278	52.66
2279	50.699
2280	44.24
2281	56.453
2282	54.105
2283	53.517
2284	55.796
2285	49.196
2286	51.051
2287	53.517
2288	54.246
2289	48.867
2290	50.593
2291	44.522
2292	55.725
2293	51.274
2294	51.521
2295	52.883
2296	41.679
2297	42.995
2298	41.586
2299	41.679
2300	43.429
2301	42.924
2302	48.174
2303	44.933
2304	46.213
2305	49.395
2306	48.561
2307	47.422
2308	48.538
2309	50.476
2310	52.977
2311	47.504
2312	55.021
2313	46.917
2314	51.403
2315	42.983
2316	37.463
2317	38.92
2318	42.079
2319	46.976
2320	44.545
2321	11.779
2322	40.211
2323	44.392
2324	48.808
2325	42.208
2326	47.293
2327	57.334
2328	38.133
2329	57.534
2330	45.156
2331	46.588
2332	52.132
2333	45.473
2334	55.103
2335	43.711
2336	40.857
2337	52.39
2338	49.266
2339	37.921
2340	48.514
2341	50.135
2342	49.066
2343	51.638
2344	48.233
2345	57.534
2346	49.63
2347	44.416
2348	54.633
2349	46.177
2350	52.566
2351	51.932
2352	47.798
2353	50.1
2354	54.281
2355	50.957
2356	43.547
2357	51.028
2358	52.343
2359	53.13
2360	39.26
2361	47.622
2362	55.49
2363	50.241
2364	52.085
2365	52.096
2366	29.724
2367	46.401
2368	47.763
2369	49.149
2370	49.266
2371	52.801
2372	37.088
2373	32.942
2374	54.328
2375	55.091
2376	56.653
2377	55.514
2378	54.856
2379	55.725
2380	55.984
2381	55.326
2382	52.378
2383	50.394
2384	47.305
2385	27.986
2386	46.577
2387	47.598
2388	48.421
2389	47.692
2390	34.715
2391	36.348
2392	41.621
2393	44.169
2394	53.001
2395	54.527
2396	54.175
2397	52.437
2398	55.479
2399	54.022
2400	46.224
2401	41.421
2402	39.836
2403	50.711
2404	53.635
2405	46.201
2406	53.459
2407	41.351
2408	46.072
2409	40.317
2410	47.352
2411	38.497
2412	40.787
2413	40.881
2414	49.842
2415	52.038
2416	54.704
2417	41.973
2418	31.392
2419	32.496
2420	37.205
2421	48.15
2422	53.764
2423	55.021
2424	49.583
2425	43.241
2426	30.44
2427	56.982
2428	55.009
2429	54.762
2430	47.281
2431	46.964
2432	47.305
2433	46.812
2434	45.966
2435	52.578
2436	47.669
2437	49.924
2438	52.554
2439	50.276
2440	44.063
2441	51.004
2442	49.278
2443	51.286
2444	49.09
2445	47.176
2446	50.3
2447	42.736
2448	48.879
2449	44.956
2450	53.952
2451	53.2
2452	51.122
2453	48.491
2454	49.524
2455	52.167
2456	45.578
2457	48.103
2458	50.088
2459	52.155
2460	54.962
2461	40.411
2462	45.414
2463	42.56
2464	53.036
2465	50.828
2466	54.586
2467	46.13
2468	50.029
2469	44.886
2470	31.779
2471	32.449
2472	37.005
2473	39.166
2474	27.375
2475	33.282
2476	34.175
2477	33.447
2478	36.547
2479	46.8
2480	42.619
2481	49.243
2482	43.594
2483	41.492
2484	28.338
2485	54.469
2486	42.666
2487	44.686
2488	46.072
2489	49.442
2490	52.836
2491	50.511
2492	49.113
2493	51.039
2494	45.156
2495	49.642
2496	53.177
2497	51.885
2498	48.303
2499	52.519
2500	49.806
2501	47.281
2502	48.056
2503	51.873
2504	54.401
2505	52.484
2506	54.128
2507	46.964
2508	45.731
2509	51.028
2510	43.03
2511	42.384
2512	45.649
2513	48.186
2514	58.192
2515	42.701
2516	60.352
2517	49.83
2518	53.459
2519	47.528
2520	52.366
2521	48.55
2522	56.806
2523	45.743
2524	44.545
2525	51.427
2526	48.926
2527	51.321
2528	55.056
2529	48.914
2530	50.487
2531	36.63
2532	47.951
2533	39.143
2534	47.704
2535	45.285
2536	45.543
2537	52.918
2538	48.068
2539	47.328
2540	51.685
2541	48.421
2542	47.681
2543	50.452
2544	56.477
2545	40.364
2546	50.253
2547	47.469
2548	56.712
2549	49.701
2550	51.427
2551	51.885
2552	42.549
2553	51.227
2554	49.665
2555	44.956
2556	44.263
2557	45.214
2558	43.147
2559	42.314
2560	50.687
2561	43.899
2562	44.545
2563	52.32
2564	49.43
2565	50.123
2566	50.593
2567	48.538
2568	51.544
2569	42.055
2570	43.84
2571	38.732
2572	47.598
2573	38.321
2574	32.965
2575	35.267
2576	41.903
2577	39.519
2578	42.748
2579	48.738
2580	36.571
2581	39.19
2582	40.059
2583	37.522
2584	45.32
2585	45.649
2586	47.927
2587	44.298
2588	37.522
2589	43.347
2590	51.521
2591	47.998
2592	52.155
2593	50.17
2594	55.314
2595	55.349
2596	53.048
2597	54.269
2598	55.291
2599	53.717
2600	55.749
2601	54.433
2602	55.49
2603	55.15
2604	55.443
2605	48.244
2606	45.438
2607	54.586
2608	49.759
2609	51.697
2610	53.788
2611	55.772
2612	55.725
2613	55.796
2614	52.695
2615	55.032
2616	53.87
2617	52.355
2618	45.731
2619	53.412
2620	43.817
2621	51.18
2622	53.576
2623	55.998
2624	53.729
2625	52.46
2626	46.929
2627	48.162
2628	43.829
2629	52.284
2630	54.516
2631	53.893
2632	54.715
2633	49.748
2634	54.269
2635	58.45
2636	53.165
2637	53.541
2638	48.632
2639	51.674
2640	54.821
2641	50.3
2642	57.475
2643	45.766
2644	57.992
2645	52.754
2646	55.667
2647	47.669
2648	42.689
2649	42.478
2650	42.502
2651	49.971
2652	54.574
2653	28.221
2654	0.023
2656	0.012
2659	0.012
2665	0.012
2678	13.564
2679	54.844
2680	56.5
2681	50.44
2682	60.716
2683	52.836
2684	47.81
2685	53.447
2686	47.634
2687	49.971
2688	46.706
2689	52.32
2690	46.624
2691	42.137
2692	53.271
2693	52.625
2694	52.613
2695	53.247
2696	50.758
2697	49.865
2698	55.948
2699	53.306
2700	55.338
2701	51.568
2702	33.752
2703	34.586
2704	43.476
2705	57.968
2706	39.742
2707	40.716
2708	41.527
2709	50.311
2710	51.11
2711	47.223
2712	52.954
2713	45.649
2714	49.16
2715	42.595
2716	57.992
2717	51.086
2718	52.026
2719	49.924
2720	46.401
2721	44.11
2722	47.493
2723	47.097
2724	51.039
2725	44.991
2726	38.52
2727	45.649
2728	53.33
2729	45.438
2730	53.095
2731	49.372
2732	40.094
2733	50.476
2734	51.979
2735	53.764
2736	51.368
2737	53.259
2738	49.466
2739	56.712
2740	49.982
2741	53.341
2742	52.813
2743	52.378
2744	57.581
2745	52.848
2746	48.08
2747	53.189
2748	57.275
2749	54.68
2750	50.476
2751	53.423
2752	53.494
2753	51.615
2754	51.908
2755	49.924
2756	49.489
2757	49.43
2758	54.433
2759	51.685
2760	46.377
2761	50.969
2762	47.434
2763	47.061
2764	40.305
2765	42.044
2766	38.356
2767	39.507
2768	55.396
2769	47.939
2770	39.436
2771	41.492
2772	49.031
2773	45.238
2774	47.681
2775	56.406
2776	52.096
2777	46.095
2778	60.857
2779	56.031
2780	55.514
2781	55.068
2782	55.784
2783	53.541
2784	51.45
2785	50.875
2786	47.575
2787	47.387
2788	46.095
2789	37.933
2790	46.8
2791	48.526
2792	56.066
2793	48.949
2794	55.455
2795	54.069
2796	53.33
2797	52.284
2798	54.422
2799	49.665
2800	55.138
2801	54.492
2802	55.361
2803	46.483
2804	47.645
2805	44.075
2806	42.419
2807	51.051
2808	45.167
2809	46.718
2810	45.919
2811	45.414
2812	46.201
2813	50.828
2814	53.318
2815	51.11
2816	50.546
2817	52.038
2818	46.001
2819	51.251
2820	46.776
2821	49.771
2822	49.219
2823	51.955
2824	52.871
2825	49.994
2826	49.677
2827	49.019
2828	49.137
2829	55.091
2830	51.932
2831	50.44
2832	45.402
2833	42.325
2834	49.137
2835	30.84
2836	44.768
2837	47.281
2838	50.123
2839	38.673
2840	40.787
2841	46.659
2842	42.584
2843	35.725
2844	40.846
2845	48.597
2846	49.513
2847	43.793
2848	42.995
2849	37.557
2850	37.334
2851	34.715
2852	38.297
2853	43.007
2854	42.795
2855	41.433
2856	51.92
2857	52.096
2858	55.796
2859	54.786
2860	55.537
2861	53.623
2862	55.385
2863	52.167
2864	45.097
2865	49.055
2866	53.647
2867	53.952
2868	54.469
2869	53.694
2870	51.732
2871	55.185
2872	56.864
2873	55.162
2874	54.504
2875	53.87
2876	56.442
2877	45.625
2878	49.689
2879	51.944
2880	54.351
2881	56.7
2882	56.277
2883	56.465
2884	56.688
2885	56.219
2886	56.418
2887	55.42
2888	39.93
2889	47.504
2890	50.534
2891	47.54
2892	56.559
2893	48.174
2894	51.815
2895	53.658
2896	48.667
2897	49.665
2898	47.54
2899	47.035
2900	42.161
2901	51.028
2902	50.652
2903	50.123
2904	52.331
2905	45.766
2906	55.843
2907	53.224
2908	50.041
2909	55.972
2910	38.332
2911	52.496
2912	54.739
2913	51.486
2914	52.731
2915	50.123
2916	54.762
2917	52.625
2918	54.516
2919	49.56
2920	54.586
2921	54.011
2922	55.573
2923	53.212
2924	49.501
2925	50.217
2926	45.625
2927	50.511
2928	54.692
2929	41.973
2930	58.18
2931	50.253
2932	59.119
2933	49.877
2934	46.154
2935	56.77
2936	52.66
2937	46.741
2938	46.694
2939	48.82
2940	47.645
2941	50.992
2942	51.862
2943	49.853
2944	53.435
2945	54.21
2946	49.536
2947	46.307
2948	42.736
2949	46.494
2950	50.546
2951	44.228
2952	44.357
2953	34.163
2954	42.49
2955	42.736
2956	44.204
2957	43.523
2958	43.629
2959	52.613
2960	43.324
2961	51.897
2962	46.541
2963	55.314
2964	54.574
2965	49.419
2966	55.49
2967	51.157
2968	51.403
2969	52.402
2970	56.547
2971	46.624
2972	53.388
2973	46.882
2974	47.587
2975	46.389
2976	52.378
2977	53.658
2978	56.512
2979	50.605
2980	55.021
2981	49.243
2982	49.924
2983	51.815
2984	55.021
2985	56.242
2986	55.138
2987	49.019
2988	46.213
2989	53.142
2990	48.655
2991	49.278
2992	39.906
2993	42.807
2994	43.876
2995	52.39
2996	50.206
2997	46.906
2998	47.317
2999	51.662
3000	50.898
3001	47.504
3002	50.335
3003	54.187
3004	55.972
3005	47.822
3006	47.434
3007	51.65
3008	56.019
3009	50.405
3010	60.505
3011	48.35
3012	48.538
3013	51.298
3014	54.386
3015	46.577
3016	45.485
3017	54.48
3018	51.908
3019	52.155
3020	53.286
3021	53.905
3022	56.747
3023	54.739
3024	54.657
3025	55.009
3026	55.197
3027	50.112
3028	49.994
3029	53.212
3030	45.214
3031	40.082
3032	47.575
3033	54.962
3034	50.628
3035	49.196
3036	48.28
3037	51.004
3038	47.093
3039	52.871
3040	54.081
3041	46.964
3042	56.195
3043	51.756
3044	46.941
3045	50.394
3046	43.312
3047	40.81
3048	47.822
3049	45.649
3050	48.749
3051	43.758
3052	41.609
3053	48.374
3054	44.122
3055	40.235
3056	44.557
3057	56.864
3058	53.917
3059	55.197
3060	49.501
3061	54.316
3062	49.055
3063	51.721
3064	49.454
3065	54.011
3066	51.192
3067	55.432
3068	54.821
3069	53.858
3070	48.843
3071	45.755
3072	50.64
3073	45.12
3074	45.12
3075	49.008
3076	44.615
3077	43.664
3078	45.837
3079	48.303
3080	51.427
3081	54.974
3082	51.098
3083	55.984
3084	54.48
3085	50.323
3086	38.227
3087	47.446
3088	39.577
3089	44.604
3090	52.472
3091	52.46
3092	49.642
3093	55.573
3094	52.719
3095	49.56
3096	56.301
3097	45.508
3098	42.455
3099	48.409
3100	51.991
3101	46.177
3102	42.102
3103	37.78
3104	40.916
3105	45.261
3106	54.351
3107	48.303
3108	47.951
3109	46.741
3110	49.536
3111	50.053
3112	52.143
3113	47.822
3114	57.921
3115	53.717
3116	51.403
3117	50.382
3118	52.132
3119	54.022
3120	54.868
3121	50.816
3122	54.551
3123	43.829
3124	49.642
3125	45.755
3126	34.809
3127	42.396
3128	42.419
3129	44.545
3130	38.332
3131	44.674
3132	47.869
3133	55.209
3134	49.712
3135	43.065
3136	58.79
3137	44.157
3138	43.782
3139	37.71
3140	44.592
3141	37.628
3142	50.335
3143	46.33
3144	38.896
3145	43.394
3146	39.119
3147	47.916
3148	39.53
3149	42.29
3150	42.889
3151	47.869
3152	50.347
3153	51.627
3154	48.749
3155	49.29
3156	41.01
3157	49.219
3158	38.415
3159	34.375
3160	38.837
3161	42.783
3162	39.883
3163	55.279
3164	53.001
3165	46.177
3166	43.465
3167	51.227
3168	45.332
3169	43.335
3170	48.82
3171	45.896
3172	43.312
3173	37.475
3174	42.513
3175	36.359
3176	40.634
3177	41.198
3178	52.425
3179	47.234
3180	51.016
3181	46.518
3182	41.562
3183	54.21
3184	42.772
3185	39.871
3186	42.431
3187	45.743
3188	36.524
3189	40.223
3190	40.258
3191	49.56
3192	49.83
3193	53.012
3194	51.427
3195	55.126
3196	49.571
3197	52.002
3198	55.197
3199	48.538
3200	58.685
3201	41.668
3202	39.46
3203	45.473
3204	44.615
3205	47.035
3206	36.876
3207	50.523
3208	47.81
3209	50.006
3210	52.543
3211	51.086
3212	54.246
3213	40.658
3214	48.479
3215	45.226
3216	49.795
3217	45.426
3218	55.009
3219	50.57
3220	49.818
3221	53.588
3222	52.413
3223	47.317
3224	54.868
3225	51.251
3226	53.694
3227	49.712
3228	48.491
3229	54.058
3230	52.954
3231	42.678
3232	66.189
3233	56.641
3234	42.173
3235	44.756
3236	45.567
3237	49.795
3238	44.428
3239	51.756
3240	43.664
3241	50.053
3242	47.469
3243	55.925
3244	51.885
3245	48.914
3246	57.384
3247	52.108
3248	55.901
3249	54.574
3250	53.752
3251	44.31
3252	54.492
3253	50.828
3254	51.533
3255	40.035
3256	49.806
3257	46.424
3258	59.941
3259	45.015
3260	53.153
3261	53.987
3262	42.361
3263	35.784
3264	39.577
3265	47.833
3266	48.949
3267	49.231
3268	42.877
3269	51.697
3270	46.048
3271	47.082
3272	52.719
3273	45.038
3274	42.83
3275	49.748
3276	48.397
3277	53.33
3278	46.788
3279	50.288
3280	36.606
3281	41.268
3282	38.062
3283	35.291
3284	47.176
3285	35.984
3286	42.455
3287	34.68
3288	38.039
3289	40.857
3290	39.413
3291	47.352
3292	42.419
3293	48.327
3294	46.894
3295	47.422
3296	45.954
3297	49.207
3298	49.325
3299	43.089
3300	47.305
3301	36.406
3302	44.157
3303	48.127
3304	48.867
3305	46.483
3306	44.686
3307	48.702
3308	49.477
3309	54.786
3310	46.119
3311	37.005
3312	41.304
3313	37.886
3314	47.622
3315	54.187
3316	53.858
3317	50.593
3318	51.133
3319	53.917
3320	52.472
3321	45.238
3322	39.108
3323	45.132
3324	40.634
3325	42.854
3326	44.909
3327	51.591
3328	52.085
3329	49.172
3330	43.23
3331	45.778
3332	42.572
3333	42.325
3334	47.305
3335	51.403
3336	51.744
3337	45.778
3338	42.537
3339	51.58
3340	46.271
3341	43.359
3342	51.321
3343	51.357
3344	42.114
3345	53.083
3346	54.433
3347	55.667
3348	44.157
3349	45.837
3350	42.654
3351	45.919
3352	44.85
3353	52.684
3354	39.789
3355	47.34
3356	41.703
3357	52.672
3358	53.259
3359	50.91
3360	46.624
3361	50.57
3362	54.504
3363	41.351
3364	48.35
3365	53.259
3366	36.348
3367	54.175
3368	51.039
3369	42.619
3370	55.913
3371	47.857
3372	41.339
3373	34.762
3374	46.318
3375	53.365
3376	55.714
3377	55.573
3378	54.645
3379	54.833
3380	50.957
3381	47.692
3382	55.573
3383	54.844
3384	55.068
3385	53.87
3386	43.265
3387	43.23
3388	48.667
3389	50.64
3390	49.583
3391	50.981
3392	42.584
3393	41.456
3394	37.452
3395	39.366
3396	46.025
3397	47.551
3398	42.349
3399	45.438
3400	44.24
3401	38.65
3402	41.926
3403	35.385
3404	45.719
3405	37.17
3406	44.557
3407	41.01
3408	36.864
3409	47.07
3410	42.243
3411	40.622
3412	50.206
3413	37.675
3414	41.621
3415	47.669
3416	47.34
3417	53.33
3418	47.187
3419	47.927
3420	35.138
3421	38.908
3422	35.784
3423	39.577
3424	43.617
3425	58.332
3426	52.742
3427	51.556
3428	50.781
3429	50.605
3430	55.796
3431	37.839
3432	49.477
3433	53.259
3434	48.021
3435	52.014
3436	46.894
3437	46.142
3438	48.726
3439	37.252
3440	39.061
3441	46.459
3442	40.775
3443	35.984
3444	36.172
3445	44.792
3446	46.095
3447	51.45
3448	46.694
3449	56.618
3450	48.503
3451	44.968
3452	39.683
3453	39.894
3454	45.907
3455	54.14
3456	40.552
3457	45.461
3458	48.773
3459	48.538
3460	56.465
3461	49.994
3462	39.753
3463	47.986
3464	49.419
3465	49.196
3466	53.133
3467	45.25
3468	36.007
3469	46.06
3470	46.518
3471	44.733
3472	50.499
3473	52.59
3474	53.388
3475	51.45
3476	52.32
3477	50.875
3478	49.806
3479	53.999
3480	42.819
3481	48.749
3482	47.575
3483	50.793
3484	41.832
3485	45.896
3486	38.884
3487	50.041
3488	46.612
3489	49.231
3490	47.399
3491	47.434
3492	46.917
3493	43.018
3494	51.815
3495	44.909
3496	55.761
3497	55.432
3498	49.654
3499	58.931
3500	51.486
3501	53.776
3502	46.389
3503	50.417
3504	53.376
3505	53.353
3506	54.269
3507	53.529
3508	53.576
3509	53.846
3510	47.634
3511	48.174
3512	51.897
3513	48.832
3514	48.902
3515	47.493
3516	55.925
3517	55.678
3518	51.439
3519	55.901
3520	51.744
3521	46.823
3522	54.152
3523	58.849
3524	53.517
3525	56.841
3526	45.778
3527	52.778
3528	54.246
3529	56.618
3530	42.173
3531	52.167
3532	45.297
3533	48.691
3534	36.078
3535	35.115
3536	38.638
3537	34.375
3538	42.302
3539	39.389
3540	44.24
3541	48.021
3542	44.956
3543	45.438
3544	42.466
3545	43.018
3546	32.472
3547	37.17
3548	34.539
3549	35.22
3550	28.597
3551	41.75
3552	39.061
3553	48.926
3554	46.753
3555	43.876
3556	50.675
3557	52.002
3558	47.869
3559	52.863
3560	40.611
3561	32.026
3562	39.941
3563	49.078
3564	57.51
3565	54.48
3566	55.502
3567	56.054
3568	54.739
3569	53.87
3570	50.628
3571	52.237
3572	39.683
3573	41.985
3574	52.707
3575	43.793
3576	46.894
3577	39.941
3578	39.777
3579	38.274
3580	35.972
3581	35.432
3582	43.465
3583	51.85
3584	52.825
3585	51.591
3586	45.966
3587	56.066
3588	46.953
3589	52.863
3590	51.216
3591	55.232
3592	52.554
3593	45.543
3594	50.734
3595	58.896
3596	53.494
3597	40.012
