0	9.259
1	30.393
2	40.998
3	48.221
4	43.793
5	41.221
6	47.634
7	22.478
8	29.771
9	25.179
10	9.724
11	22.76
12	15.984
13	34.891
14	16.9
15	39.366
16	21.433
17	38.004
18	16.641
19	24.005
20	12.272
21	26.941
22	16.594
23	24.991
24	18.955
25	25.567
26	42.09
27	44.275
28	39.436
29	41.163
30	40.352
31	34.116
32	50.053
33	44.157
34	34.762
35	39.061
36	37.757
37	26.682
38	31.533
39	33.024
40	34.163
41	37.886
42	36.453
43	41.233
44	40.106
45	33.623
46	38.274
47	37.499
48	35.854
49	39.272
50	33.318
51	40.082
52	42.783
53	29.677
54	33.388
55	33.318
56	44.463
57	36.923
58	40.846
59	42.173
60	38.978
61	34.152
62	41.104
63	44.827
64	44.862
65	36.947
66	41.762
67	36.606
68	23.535
69	33.611
70	43.77
71	40.282
72	36.43
73	37.393
74	36.853
75	32.554
76	41.844
77	46.095
78	48.385
79	48.08
80	35.608
81	48.467
82	36.359
83	42.008
84	49.149
85	44.204
86	48.867
87	41.433
88	44.827
89	43.852
90	44.31
91	48.479
92	40.129
93	37.78
94	43.735
95	39.119
96	48.174
97	40.634
98	35.455
99	33.118
100	41.245
101	41.632
102	45.625
103	41.562
104	48.526
105	29.818
106	43.817
107	24.686
108	24.439
109	31.768
110	40.071
111	38.039
112	52.637
113	37.416
114	49.102
115	34.727
116	49.959
117	28.55
118	46.483
119	32.425
120	34.316
121	37.146
122	41.268
123	29.231
124	36.477
125	32.766
126	44.639
127	33.682
128	49.019
129	31.897
130	39.73
131	29.806
132	41.362
133	28.432
134	30.875
135	30.429
136	37.358
137	30.664
138	42.654
139	46.612
140	48.632
141	44.909
142	44.251
143	45.907
144	33.388
145	37.557
146	22.807
147	39.918
148	43.441
149	34.621
150	42.725
151	20.846
152	41.879
153	48.573
154	38.227
155	44.933
156	38.262
157	36.406
158	38.673
159	39.108
160	33.905
161	36.512
162	39.883
163	37.452
164	41.856
165	34.163
166	31.744
167	34.292
168	34.199
169	25.32
170	32.179
171	14.14
172	26.271
173	37.17
174	41.304
175	44.651
176	45.86
177	33.341
178	48.608
179	43.018
180	40.141
181	24.428
182	39.237
183	36.982
184	30.816
185	40.059
186	41.903
187	32.731
188	36.841
189	41.926
190	33.165
191	32.731
192	42.443
193	45.12
194	41.797
195	35.373
196	37.804
197	38.297
198	29.184
199	47.422
200	39.483
201	27.786
202	16.829
203	35.514
204	42.408
205	38.532
206	45.99
207	14.14
208	22.079
209	41.597
210	33.529
211	26.271
212	10.147
213	9.83
214	29.924
215	25.954
216	26.365
217	19.284
218	29.513
219	31.263
220	35.432
221	38.873
222	32.66
223	33.541
224	39.977
225	41.515
226	34.011
227	23.652
228	38.285
229	33.024
230	30.37
231	29.712
232	32.918
233	36.489
234	41.609
235	27.551
236	34.586
237	33.787
238	42.525
239	40.834
240	45.214
241	38.685
242	38.344
243	35.009
244	33.118
245	38.191
246	24.51
247	35.173
248	37.827
249	39.613
250	35.15
251	27.915
252	34.058
253	32.648
254	40.658
255	44.58
256	33.928
257	40.258
258	38.544
259	37.945
260	40.622
261	35.526
262	34.022
263	39.977
264	33.764
265	27.305
266	28.878
267	32.073
268	31.979
269	41.104
270	32.484
271	29.924
272	28.045
273	27.904
274	36.207
275	29.325
276	26.224
277	21.82
278	27.775
279	25.59
280	35.796
281	38.696
282	40.399
283	40.857
284	40.951
285	37.91
286	39.671
287	30.934
288	31.709
289	33.024
290	34.915
291	34.891
292	39.037
293	38.837
294	26.53
295	15.984
296	20.834
297	27.669
298	39.201
299	32.343
300	43.793
301	33.999
302	38.285
303	47.223
304	41.785
305	56.994
306	52.038
307	46.953
308	47.234
309	45.156
310	44.334
311	43.547
312	47.035
313	39.154
314	34.21
315	41.069
316	31.028
317	38.849
318	44.146
319	44.087
320	43.558
321	37.358
322	48.996
323	42.595
324	36.606
325	27.176
326	30.44
327	46.753
328	48.949
329	44.721
330	39.695
331	42.901
332	46.33
333	49.466
334	41.961
335	58.779
336	51.039
337	46.823
338	44.322
339	41.398
340	44.615
341	33.388
342	32.226
343	37.78
344	40.775
345	44.193
346	35.948
347	36.794
348	40.352
349	38.826
350	40.082
351	36.007
352	36.841
353	27.105
354	34.445
355	33.881
356	37.839
357	35.255
358	22.067
359	28.996
360	34.128
361	36.019
362	33.282
363	34.88
364	6.083
365	41.503
366	31.85
367	34.598
368	35.655
369	38.109
370	33.611
371	12.261
372	9.56
373	29.548
374	29.442
375	31.38
376	24.451
377	25.755
378	27.035
379	30.593
380	40.376
381	41.562
382	35.396
383	33.87
384	35.162
385	30.922
386	37.78
387	39.143
388	35.009
389	41.045
390	40.94
391	35.455
392	44.463
393	39.495
394	37.898
395	31.861
396	22.419
397	34.152
398	38.579
399	43.03
400	39.566
401	36.794
402	37.299
403	34.844
404	39.871
405	35.385
406	37.933
407	33.435
408	34.257
409	22.302
410	29.219
411	36.594
412	36.653
413	20.575
414	22.314
415	44.686
416	31.697
417	32.049
418	30.805
419	29.935
420	38.755
421	37.863
422	39.648
423	40.693
424	40.0
425	41.151
426	38.015
427	34.938
428	35.255
429	24.874
430	31.192
431	48.315
432	48.397
433	39.883
434	39.378
435	38.25
436	33.764
437	33.494
438	25.52
439	42.525
440	41.022
441	32.648
442	27.082
443	28.432
444	33.388
445	48.15
446	43.688
447	40.118
448	35.032
449	33.964
450	43.324
451	34.504
452	23.453
453	28.808
454	36.665
455	28.902
456	36.16
457	21.538
458	38.074
459	47.082
460	38.673
461	50.405
462	37.604
463	47.023
464	43.241
465	52.531
466	40.869
467	42.02
468	48.479
469	38.732
470	30.957
471	33.811
472	24.287
473	35.314
474	32.613
475	38.896
476	27.176
477	39.342
478	28.655
479	46.236
480	48.667
481	36.9
482	43.312
483	39.378
484	44.698
485	35.443
486	42.22
487	51.403
488	42.96
489	38.485
490	24.169
491	24.016
492	24.486
493	28.738
494	24.604
495	20.493
496	26.8
497	40.505
498	41.374
499	45.085
500	44.815
501	49.466
502	46.001
503	41.374
504	30.1
505	21.926
506	31.345
507	39.084
508	39.19
509	40.27
510	19.577
511	23.547
512	21.468
513	18.52
514	24.439
515	18.25
516	36.183
517	28.82
518	26.706
519	30.358
520	35.573
521	31.873
522	37.804
523	42.525
524	38.238
525	39.894
526	30.346
527	39.894
528	37.428
529	38.027
530	39.225
531	41.139
532	31.685
533	39.096
534	46.013
535	40.893
536	39.706
537	37.698
538	48.197
539	42.184
540	47.375
541	49.501
542	39.683
543	43.394
544	36.348
545	35.584
546	35.302
547	27.763
548	42.325
549	40.024
550	26.847
551	37.722
552	22.854
553	34.504
554	36.195
555	43.159
556	37.076
557	33.881
558	49.325
559	37.628
560	40.094
561	44.886
562	46.53
563	23.23
564	44.886
565	35.76
566	45.907
567	22.255
568	36.277
569	45.132
570	36.935
571	26.565
572	31.356
573	12.848
574	9.019
575	12.061
576	8.573
577	20.153
578	15.831
579	16.641
580	31.674
581	9.994
582	40.341
583	39.495
584	15.326
585	36.653
586	36.207
587	40.141
588	32.273
589	26.389
590	37.945
591	42.314
592	35.115
593	32.366
594	32.096
595	35.291
596	38.532
597	33.294
598	34.234
599	39.495
600	39.014
601	35.115
602	39.812
603	33.611
604	28.832
605	27.493
606	38.321
607	40.646
608	37.17
609	38.626
610	26.377
611	37.71
612	27.223
613	13.212
614	16.136
615	9.137
616	25.837
617	40.247
618	39.789
619	46.295
620	44.11
621	49.125
622	40.012
623	31.65
624	19.107
625	25.297
626	41.315
627	38.931
628	29.16
629	39.601
630	38.297
631	41.832
632	45.731
633	47.434
634	48.303
635	46.647
636	43.664
637	26.318
638	16.712
639	32.601
640	40.646
641	46.906
642	36.183
643	51.274
644	43.112
645	44.216
646	31.756
647	36.923
648	32.813
649	19.248
650	15.573
651	19.495
652	31.016
653	44.392
654	43.453
655	41.503
656	32.378
657	29.501
658	43.077
659	30.781
660	47.739
661	49.243
662	41.409
663	45.344
664	37.698
665	46.036
666	43.453
667	46.283
668	34.128
669	53.964
670	47.728
671	39.542
672	42.807
673	41.832
674	37.628
675	38.579
676	42.243
677	40.376
678	47.14
679	48.327
680	47.129
681	40.74
682	34.093
683	41.621
684	39.695
685	31.732
686	28.503
687	43.876
688	48.808
689	43.394
690	38.826
691	36.782
692	44.451
693	42.971
694	31.885
695	33.353
696	45.438
697	45.438
698	44.533
699	32.449
700	49.325
701	44.768
702	38.25
703	38.156
704	47.704
705	43.382
706	36.265
707	48.972
708	47.129
709	48.855
710	31.31
711	42.725
712	35.655
713	42.184
714	41.233
715	42.408
716	41.421
717	36.207
718	30.452
719	41.268
720	39.777
721	34.762
722	37.628
723	35.467
724	24.134
725	25.426
726	37.052
727	29.172
728	40.223
729	45.672
730	41.903
731	41.938
732	45.261
733	42.595
734	52.143
735	40.047
736	39.143
737	40.399
738	30.076
739	37.405
740	38.379
741	32.695
742	34.022
743	34.222
744	34.574
745	40.035
746	42.149
747	37.534
748	38.743
749	44.228
750	37.863
751	42.466
752	46.87
753	46.412
754	40.423
755	40.587
756	36.265
757	30.687
758	31.721
759	34.433
760	37.24
761	41.28
762	42.079
763	38.896
764	35.232
765	32.507
766	36.806
767	23.429
768	18.544
769	25.214
770	37.064
771	40.176
772	42.161
773	38.99
774	32.824
775	32.355
776	39.695
777	24.686
778	41.773
779	37.052
780	28.667
781	33.012
782	33.517
783	38.884
784	31.11
785	33.881
786	37.898
787	39.659
788	39.613
789	28.256
790	20.129
791	15.126
792	19.049
793	17.346
794	21.973
795	18.133
796	19.519
797	37.64
798	42.102
799	48.432
800	42.725
801	39.389
802	27.223
803	27.481
804	24.792
805	26.917
806	32.413
807	42.971
808	34.88
809	35.432
810	33.318
811	34.856
812	45.344
813	42.866
814	39.307
815	28.843
816	36.97
817	34.281
818	38.039
819	44.134
820	37.686
821	36.935
822	40.071
823	44.51
824	36.301
825	40.881
826	43.183
827	34.527
828	45.813
829	41.691
830	44.087
831	20.834
832	20.024
833	22.455
834	17.733
835	34.833
836	49.959
837	32.049
838	30.581
839	38.415
840	38.92
841	47.293
842	51.098
843	36.042
844	38.368
845	44.792
846	51.92
847	47.704
848	48.949
849	39.941
850	24.24
851	41.104
852	44.698
853	37.957
854	41.679
855	36.101
856	38.121
857	41.057
858	45.978
859	46.788
860	32.096
861	41.433
862	43.159
863	50.687
864	46.612
865	41.621
866	40.399
867	33.412
868	23.664
869	36.359
870	36.5
871	45.297
872	44.944
873	43.406
874	42.278
875	35.385
876	39.425
877	34.645
878	31.286
879	33.153
880	27.223
881	28.103
882	39.366
883	23.006
884	34.022
885	26.671
886	33.165
887	33.506
888	24.404
889	37.099
890	40.998
891	40.834
892	37.205
893	47.375
894	44.721
895	38.884
896	41.257
897	39.072
898	36.759
899	41.48
900	35.432
901	30.875
902	38.109
903	47.739
904	26.248
905	44.005
906	44.181
907	43.136
908	42.713
909	49.407
910	47.798
911	46.87
912	45.567
913	46.671
914	44.768
915	43.324
916	42.396
917	42.184
918	45.273
919	31.145
920	44.686
921	40.94
922	44.381
923	40.799
924	38.532
925	38.696
926	42.22
927	42.173
928	41.245
929	45.12
930	28.08
931	41.28
932	43.97
933	39.965
934	25.755
935	32.848
936	45.132
937	34.668
938	45.508
939	31.709
940	39.354
941	37.722
942	44.357
943	41.668
944	41.656
945	37.452
946	27.504
947	17.651
948	29.795
949	36.841
950	40.388
951	35.584
952	41.785
953	43.394
954	38.18
955	41.938
956	35.784
957	39.19
958	42.349
959	28.291
960	45.026
961	40.775
962	7.328
963	34.328
964	39.166
965	46.083
966	45.825
967	44.251
968	47.904
969	38.896
970	38.579
971	35.408
972	44.991
973	36.312
974	32.179
975	33.071
976	29.642
977	41.503
978	33.682
979	45.203
980	40.763
981	38.356
982	48.514
983	41.069
984	36.571
985	42.337
986	37.064
987	39.941
988	44.815
989	41.28
990	43.84
991	46.166
992	41.445
993	38.274
994	42.384
995	43.171
996	33.928
997	45.32
998	43.711
999	35.62
1000	43.147
1001	39.401
1002	38.685
1003	43.899
1004	47.352
1005	44.815
1006	51.791
1007	46.776
1008	47.328
1009	43.829
1010	47.27
1011	44.052
1012	38.931
1013	39.119
1014	35.467
1015	42.419
1016	46.87
1017	47.364
1018	48.256
1019	45.438
1020	37.722
1021	42.267
1022	47.434
1023	46.213
1024	42.525
1025	30.452
1026	42.044
1027	35.678
1028	41.01
1029	32.308
1030	29.196
1031	11.321
1032	10.229
1033	22.666
1034	16.559
1035	33.071
1036	37.299
1037	22.408
1038	25.414
1039	11.791
1040	15.467
1041	20.963
1042	27.528
1043	30.617
1044	14.774
1045	22.654
1046	17.322
1047	15.901
1048	18.074
1049	12.366
1050	17.24
1051	28.221
1052	24.545
1053	42.443
1054	35.15
1055	23.582
1056	21.679
1057	34.292
1058	29.254
1059	39.178
1060	30.476
1061	38.262
1062	35.349
1063	38.896
1064	40.399
1065	34.269
1066	35.361
1067	34.257
1068	41.503
1069	43.171
1070	40.399
1071	26.224
1072	23.735
1073	42.008
1074	42.666
1075	35.596
1076	39.366
1077	30.558
1078	42.513
1079	32.766
1080	30.746
1081	22.631
1082	23.758
1083	28.726
1084	36.5
1085	39.201
1086	42.948
1087	38.25
1088	44.404
1089	38.109
1090	35.373
1091	35.385
1092	45.05
1093	48.08
1094	51.239
1095	39.295
1096	34.868
1097	48.068
1098	38.426
1099	46.036
1100	47.857
1101	41.574
1102	39.401
1103	42.184
1104	40.223
1105	47.634
1106	38.285
1107	48.867
1108	36.101
1109	39.425
1110	47.011
1111	46.706
1112	52.085
1113	43.864
1114	23.089
1115	33.635
1116	38.896
1117	45.943
1118	43.241
1119	46.201
1120	45.167
1121	36.817
1122	41.092
1123	44.122
1124	43.112
1125	46.248
1126	45.261
1127	47.375
1128	39.213
1129	28.749
1130	21.421
1131	37.052
1132	25.778
1133	40.071
1134	40.799
1135	42.631
1136	34.75
1137	33.834
1138	43.147
1139	44.615
1140	43.946
1141	39.366
1142	42.325
1143	51.709
1144	45.297
1145	41.327
1146	44.944
1147	43.418
1148	50.781
1149	46.494
1150	44.228
1151	51.779
1152	50.875
1153	43.934
1154	42.631
1155	39.507
1156	44.803
1157	39.143
1158	42.184
1159	43.805
1160	44.815
1161	48.303
1162	39.331
1163	40.928
1164	46.412
1165	44.169
1166	35.408
1167	29.888
1168	36.066
1169	37.839
1170	37.346
1171	35.737
1172	34.927
1173	35.831
1174	40.388
1175	22.654
1176	46.647
1177	41.632
1178	39.871
1179	38.426
1180	39.988
1181	39.566
1182	40.869
1183	46.53
1184	45.743
1185	45.755
1186	35.925
1187	46.741
1188	40.669
1189	47.234
1190	48.233
1191	38.062
1192	44.991
1193	39.965
1194	47.869
1195	48.996
1196	42.642
1197	42.83
1198	38.004
1199	45.708
1200	40.517
1201	36.301
1202	45.637
1203	22.96
1204	16.641
1205	15.455
1206	13.881
1207	17.381
1208	27.998
1209	26.248
1210	39.378
1211	19.213
1212	14.234
1213	14.304
1214	19.002
1215	18.955
1216	20.998
1217	9.29
1218	26.166
1219	17.138
1220	19.894
1221	23.018
1222	13.964
1223	12.402
1224	15.89
1225	18.191
1226	18.602
1227	34.046
1228	39.378
1229	38.015
1230	31.861
1231	44.604
1232	42.314
1233	39.812
1234	42.807
1235	36.207
1236	42.055
1237	38.673
1238	39.777
1239	28.338
1240	35.502
1241	41.609
1242	41.022
1243	44.686
1244	38.603
1245	38.908
1246	38.943
1247	30.1
1248	28.726
1249	34.938
1250	48.08
1251	45.261
1252	37.252
1253	40.869
1254	46.048
1255	39.953
1256	28.902
1257	46.999
1258	41.233
1259	44.204
1260	41.914
1261	37.052
1262	38.755
1263	38.943
1264	26.26
1265	32.848
1266	30.206
1267	27.798
1268	26.001
1269	23.112
1270	36.841
1271	37.64
1272	16.148
1273	19.777
1274	30.652
1275	22.372
1276	39.061
1277	36.677
1278	42.255
1279	29.795
1280	30.875
1281	47.622
1282	46.459
1283	39.519
1284	44.486
1285	42.208
1286	49.947
1287	44.498
1288	41.844
1289	27.035
1290	20.916
1291	33.611
1292	44.04
1293	38.626
1294	29.877
1295	40.2
1296	32.801
1297	37.369
1298	34.445
1299	38.015
1300	40.94
1301	43.136
1302	36.994
1303	35.185
1304	30.487
1305	37.24
1306	37.334
1307	37.921
1308	26.53
1309	37.851
1310	37.041
1311	48.655
1312	45.026
1313	43.958
1314	28.972
1315	43.664
1316	49.207
1317	39.847
1318	51.568
1319	46.694
1320	44.146
1321	28.08
1322	23.112
1323	40.024
1324	21.445
1325	30.253
1326	37.029
1327	26.036
1328	18.849
1329	17.475
1330	33.623
1331	29.701
1332	33.2
1333	41.997
1334	39.53
1335	37.851
1336	33.635
1337	47.035
1338	44.545
1339	43.699
1340	39.941
1341	23.852
1342	37.158
1343	46.307
1344	41.938
1345	38.004
1346	42.008
1347	42.56
1348	41.409
1349	20.693
1350	22.584
1351	17.287
1352	40.634
1353	33.952
1354	33.94
1355	37.686
1356	35.502
1357	36.136
1358	36.136
1359	29.759
1360	26.283
1361	46.036
1362	38.203
1363	45.438
1364	47.199
1365	47.728
1366	43.441
1367	46.483
1368	34.292
1369	37.51
1370	37.322
1371	34.621
1372	27.869
1373	26.072
1374	39.648
1375	37.581
1376	39.718
1377	39.601
1378	42.678
1379	48.068
1380	39.248
1381	38.638
1382	27.234
1383	32.543
1384	31.533
1385	40.646
1386	44.615
1387	31.92
1388	35.173
1389	42.199
1390	38.72
1391	38.485
1392	40.669
1393	43.817
1394	37.099
1395	37.628
1396	42.184
1397	47.07
1398	47.61
1399	50.405
1400	46.8
1401	41.961
1402	39.777
1403	42.948
1404	41.95
1405	45.99
1406	49.16
1407	48.409
1408	41.01
1409	44.721
1410	38.25
1411	47.669
1412	39.812
1413	40.893
1414	47.422
1415	44.169
1416	39.624
1417	39.671
1418	37.369
1419	36.712
1420	37.428
1421	43.465
1422	47.27
1423	48.785
1424	40.787
1425	44.768
1426	44.604
1427	36.747
1428	41.351
1429	36.782
1430	38.074
1431	40.634
1432	33.247
1433	34.339
1434	41.092
1435	42.631
1436	36.7
1437	39.272
1438	38.297
1439	38.896
1440	39.061
1441	41.445
1442	32.86
1443	35.737
1444	35.432
1445	40.834
1446	34.633
1447	27.093
1448	26.248
1449	18.626
1450	20.035
1451	34.398
1452	34.222
1453	29.266
1454	23.089
1455	22.983
1456	30.581
1457	25.531
1458	24.592
1459	33.694
1460	35.737
1461	35.244
1462	33.741
1463	40.376
1464	29.783
1465	29.783
1466	38.485
1467	46.659
1468	39.143
1469	36.77
1470	39.237
1471	40.857
1472	34.316
1473	31.028
1474	38.567
1475	39.154
1476	38.685
1477	30.123
1478	33.282
1479	34.88
1480	37.651
1481	34.844
1482	32.754
1483	26.236
1484	34.974
1485	32.226
1486	40.305
1487	37.874
1488	50.288
1489	43.594
1490	37.346
1491	38.685
1492	23.312
1493	14.058
1494	13.142
1495	16.019
1496	18.45
1497	23.652
1498	12.942
1499	20.223
1500	16.453
1501	17.91
1502	19.671
1503	21.151
1504	20.376
1505	20.352
1506	19.824
1507	16.676
1508	13.388
1509	12.942
1510	20.822
1511	17.17
1512	18.015
1513	15.96
1514	16.876
1515	18.403
1516	12.754
1517	17.252
1518	15.279
1519	19.636
1520	15.396
1521	17.029
1522	18.051
1523	17.945
1524	18.086
1525	17.405
1526	17.616
1527	16.007
1528	17.111
1529	18.051
1530	17.252
1531	18.544
1532	15.819
1533	17.827
1534	17.17
1535	19.636
1536	19.718
1537	16.019
1538	15.678
1539	20.646
1540	19.19
1541	14.786
1542	18.426
1543	19.718
1544	40.317
1545	40.681
1546	42.067
1547	33.47
1548	42.067
1549	38.086
1550	44.627
1551	49.759
1552	38.567
1553	36.301
1554	40.669
1555	44.921
1556	43.171
1557	39.108
1558	37.334
1559	43.335
1560	45.755
1561	42.466
1562	35.772
1563	36.101
1564	33.059
1565	38.45
1566	38.779
1567	35.209
1568	33.787
1569	26.001
1570	31.638
1571	23.993
1572	27.34
1573	36.301
1574	29.043
1575	29.243
1576	29.724
1577	23.723
1578	19.119
1579	9.008
1580	15.655
1581	12.895
1582	18.039
1583	18.497
1584	16.759
1585	16.618
1586	18.99
1587	16.559
1588	14.657
1589	17.44
1590	17.393
1591	16.242
1592	19.659
1593	25.191
1594	21.186
1595	17.686
1596	22.455
1597	22.032
1598	17.499
1599	27.739
1600	17.98
1601	18.532
1602	16.641
1603	13.048
1604	10.816
1605	14.621
1606	17.193
1607	19.272
1608	18.967
1609	16.794
1610	13.694
1611	13.482
1612	10.429
1613	15.479
1614	12.46
1615	11.908
1616	15.244
1617	12.108
1618	17.534
1619	16.618
1620	10.981
1621	13.893
1622	13.024
1623	15.388
1624	20.587
1625	20.247
1626	19.883
1627	19.953
1628	16.665
1629	36.195
1630	41.315
1631	34.375
1632	38.227
1633	24.451
1634	18.462
1635	16.841
1636	13.799
1637	12.883
1638	17.358
1639	15.713
1640	17.722
1641	17.041
1642	14.363
1643	21.527
1644	15.796
1645	11.251
1646	14.41
1647	16.066
1648	14.985
1649	22.49
1650	18.191
1651	37.804
1652	35.749
1653	25.942
1654	30.875
1655	27.176
1656	39.002
1657	33.095
1658	35.021
1659	33.259
1660	24.85
1661	22.055
1662	30.276
1663	30.534
1664	30.393
1665	35.984
1666	48.15
1667	45.273
1668	46.448
1669	44.991
1670	30.534
1671	27.763
1672	29.489
1673	33.236
1674	21.433
1675	31.756
1676	30.84
1677	35.056
1678	46.001
1679	34.891
1680	47.575
1681	43.84
1682	45.567
1683	32.601
1684	40.669
1685	40.763
1686	35.455
1687	36.078
1688	38.99
1689	37.17
1690	40.211
1691	29.29
1692	38.732
1693	44.839
1694	44.287
1695	42.983
1696	40.294
1697	35.197
1698	37.863
1699	33.893
1700	27.446
1701	40.341
1702	45.238
1703	37.428
1704	36.536
1705	42.161
1706	49.172
1707	42.337
1708	43.829
1709	44.451
1710	35.89
1711	22.96
1712	35.267
1713	40.247
1714	35.22
1715	36.688
1716	45.602
1717	41.468
1718	46.177
1719	46.823
1720	28.632
1721	31.638
1722	52.496
1723	45.59
1724	43.523
1725	37.334
1726	35.984
1727	38.403
1728	40.376
1729	42.654
1730	39.307
1731	36.348
1732	31.638
1733	35.443
1734	39.319
1735	39.072
1736	36.019
1737	40.2
1738	38.65
1739	34.081
1740	35.209
1741	37.052
1742	37.264
1743	35.573
1744	31.051
1745	35.455
1746	27.598
1747	20.681
1748	19.718
1749	24.51
1750	21.221
1751	16.806
1752	20.728
1753	22.208
1754	21.151
1755	20.0
1756	21.961
1757	21.82
1758	18.802
1759	15.796
1760	18.602
1761	21.163
1762	19.354
1763	18.884
1764	19.789
1765	18.567
1766	16.007
1767	24.146
1768	20.399
1769	19.213
1770	19.483
1771	20.752
1772	21.139
1773	23.183
1774	24.521
1775	23.312
1776	21.221
1777	20.575
1778	18.426
1779	15.819
1780	17.193
1781	14.95
1782	16.982
1783	17.005
1784	16.183
1785	17.311
1786	20.928
1787	19.237
1788	17.334
1789	20.587
1790	18.368
1791	14.715
1792	16.911
1793	16.418
1794	22.666
1795	21.679
1796	40.599
1797	43.465
1798	30.945
1799	37.463
1800	38.685
1801	28.55
1802	33.001
1803	37.463
1804	35.479
1805	38.755
1806	34.375
1807	39.037
1808	29.548
1809	35.937
1810	34.504
1811	31.31
1812	37.851
1813	38.567
1814	33.764
1815	36.994
1816	43.159
1817	33.353
1818	34.292
1819	47.692
1820	46.729
1821	37.851
1822	24.04
1823	42.795
1824	42.666
1825	42.537
1826	46.6
1827	41.386
1828	47.986
1829	37.099
1830	39.683
1831	28.644
1832	37.088
1833	41.997
1834	42.654
1835	40.916
1836	40.305
1837	28.514
1838	37.287
1839	36.958
1840	41.233
1841	41.621
1842	35.89
1843	20.364
1844	21.515
1845	16.265
1846	12.977
1847	18.062
1848	13.564
1849	17.827
1850	23.018
1851	43.277
1852	37.452
1853	42.466
1854	45.038
1855	28.103
1856	28.984
1857	33.071
1858	42.666
1859	34.727
1860	44.063
1861	45.719
1862	37.51
1863	42.478
1864	50.969
1865	46.095
1866	29.994
1867	16.958
1868	16.312
1869	15.244
1870	16.77
1871	14.351
1872	21.55
1873	15.725
1874	17.287
1875	16.853
1876	20.024
1877	22.983
1878	28.479
1879	29.207
1880	31.685
1881	39.354
1882	28.573
1883	17.628
1884	19.671
1885	26.365
1886	44.087
1887	43.523
1888	45.062
1889	49.008
1890	45.25
1891	27.516
1892	35.995
1893	43.194
1894	44.486
1895	36.348
1896	40.869
1897	39.519
1898	42.478
1899	40.094
1900	44.792
1901	34.95
1902	41.257
1903	41.081
1904	42.713
1905	40.223
1906	40.857
1907	36.136
1908	42.008
1909	46.201
1910	46.448
1911	42.149
1912	44.451
1913	45.99
1914	40.446
1915	49.313
1916	48.62
1917	43.288
1918	39.331
1919	47.023
1920	48.268
1921	47.364
1922	44.087
1923	44.756
1924	50.1
1925	35.408
1926	45.943
1927	50.076
1928	48.984
1929	38.191
1930	38.696
1931	33.517
1932	46.624
1933	38.638
1934	33.165
1935	38.79
1936	37.91
1937	32.038
1938	44.615
1939	42.443
1940	40.035
1941	40.951
1942	37.135
1943	39.401
1944	44.251
1945	37.698
1946	39.119
1947	38.004
1948	33.564
1949	30.922
1950	28.42
1951	44.345
1952	48.843
1953	37.675
1954	42.008
1955	45.261
1956	40.446
1957	35.326
1958	39.659
1959	21.938
1960	17.463
1961	19.847
1962	20.622
1963	39.096
1964	49.008
1965	44.698
1966	42.995
1967	46.283
1968	44.451
1969	36.066
1970	45.391
1971	42.701
1972	34.844
1973	32.12
1974	23.03
1975	27.61
1976	39.812
1977	34.022
1978	39.084
1979	39.695
1980	44.615
1981	45.849
1982	45.144
1983	41.315
1984	39.26
1985	41.773
1986	42.995
1987	49.031
1988	47.446
1989	41.409
1990	41.28
1991	34.551
1992	23.793
1993	44.063
1994	45.543
1995	50.675
1996	51.65
1997	47.833
1998	44.357
1999	42.008
2000	46.401
2001	34.281
2002	43.335
2003	41.174
2004	42.983
2005	43.218
2006	39.483
2007	41.515
2008	44.921
2009	40.423
2010	39.342
2011	44.04
2012	35.995
2013	20.305
2014	9.56
2015	38.379
2016	38.051
2017	37.334
2018	30.863
2019	15.819
2020	21.515
2021	29.56
2022	28.103
2023	28.796
2024	26.095
2025	21.973
2026	27.223
2027	33.388
2028	21.304
2029	16.594
2030	29.383
2031	39.824
2032	40.951
2033	44.345
2034	43.782
2035	25.297
2036	26.976
2037	26.976
2038	38.708
2039	40.364
2040	25.872
2041	13.095
2042	38.685
2043	47.927
2044	42.866
2045	42.278
2046	42.361
2047	39.789
2048	43.523
2049	44.709
2050	45.872
2051	42.854
2052	42.267
2053	32.731
2054	40.164
2055	42.09
2056	45.625
2057	34.163
2058	32.871
2059	35.22
2060	33.823
2061	54.363
2062	40.118
2063	44.545
2064	38.826
2065	44.463
2066	17.651
2067	27.035
2068	25.672
2069	25.731
2070	24.521
2071	44.839
2072	25.32
2073	25.05
2074	29.243
2075	7.258
2076	22.713
2077	25.625
2078	28.526
2079	34.363
2080	39.495
2081	44.322
2082	41.539
2083	44.827
2084	45.379
2085	43.054
2086	40.082
2087	58.368
2088	40.787
2089	45.015
2090	37.968
2091	27.845
2092	17.029
2093	29.806
2094	26.812
2095	14.727
2096	37.088
2097	36.125
2098	47.223
2099	45.99
2100	27.704
2101	36.406
2102	23.171
2103	39.295
2104	42.384
2105	37.416
2106	38.403
2107	27.657
2108	45.954
2109	43.958
2110	45.837
2111	36.125
2112	33.917
2113	43.241
2114	47.234
2115	35.396
2116	49.078
2117	36.359
2118	46.13
2119	44.357
2120	40.846
2121	49.677
2122	45.12
2123	35.162
2124	35.537
2125	39.46
2126	34.692
2127	32.284
2128	45.79
2129	46.33
2130	47.775
2131	42.913
2132	31.368
2133	34.539
2134	40.294
2135	39.225
2136	37.17
2137	36.77
2138	20.317
2139	24.146
2140	24.909
2141	30.217
2142	38.145
2143	35.255
2144	30.887
2145	25.743
2146	35.925
2147	40.517
2148	42.161
2149	37.029
2150	32.613
2151	31.979
2152	36.359
2153	35.197
2154	31.263
2155	28.914
2156	21.057
2157	43.535
2158	43.089
2159	34.316
2160	37.957
2161	41.55
2162	34.363
2163	29.994
2164	44.181
2165	41.691
2166	46.859
2167	43.371
2168	51.157
2169	48.62
2170	47.833
2171	43.5
2172	47.27
2173	42.29
2174	43.382
2175	38.967
2176	31.427
2177	32.789
2178	20.857
2179	36.547
2180	38.309
2181	38.52
2182	40.74
2183	41.609
2184	42.584
2185	48.62
2186	43.911
2187	43.558
2188	40.611
2189	39.26
2190	42.877
2191	27.845
2192	38.098
2193	35.537
2194	43.018
2195	38.767
2196	40.752
2197	47.704
2198	46.906
2199	47.223
2200	46.565
2201	27.951
2202	18.344
2203	36.136
2204	20.141
2205	24.298
2206	24.24
2207	40.071
2208	43.688
2209	45.473
2210	47.54
2211	38.978
2212	44.334
2213	33.752
2214	33.787
2215	38.65
2216	44.451
2217	32.049
2218	43.911
2219	43.723
2220	43.007
2221	50.828
2222	45.026
2223	44.639
2224	48.785
2225	38.65
2226	41.069
2227	44.439
2228	41.092
2229	47.622
2230	43.993
2231	41.574
2232	47.481
2233	47.634
2234	50.394
2235	52.672
2236	39.378
2237	38.532
2238	48.421
2239	44.604
2240	46.718
2241	42.584
2242	45.156
2243	42.971
2244	45.003
2245	46.471
2246	43.171
2247	41.057
2248	46.53
2249	46.271
2250	41.01
2251	43.77
2252	37.146
2253	25.602
2254	44.674
2255	40.0
2256	42.196
2257	40.951
2258	37.816
2259	43.594
2260	43.864
2261	41.421
2262	46.577
2263	43.394
2264	45.132
2265	43.441
2266	40.881
2267	45.602
2268	48.338
2269	46.659
2270	42.666
2271	37.593
2272	41.221
2273	41.034
2274	38.473
2275	40.587
2276	49.842
2277	41.398
2278	41.515
2279	45.062
2280	35.749
2281	40.364
2282	42.044
2283	43.418
2284	34.328
2285	16.817
2286	28.597
2287	32.531
2288	36.653
2289	40.082
2290	42.455
2291	41.304
2292	31.016
2293	39.037
2294	26.013
2295	35.948
2296	45.543
2297	48.972
2298	35.197
2299	44.803
2300	54.762
2301	39.566
2302	53.259
2303	41.703
2304	38.532
2305	44.85
2306	29.078
2307	50.687
2308	45.097
2309	42.713
2310	33.588
2311	28.444
2312	37.992
2313	42.431
2314	50.382
2315	30.84
2316	18.473
2317	20.364
2318	19.025
2319	22.631
2320	26.119
2321	43.523
2322	30.922
2323	38.556
2324	34.457
2325	38.92
2326	44.991
2327	44.334
2328	26.812
2329	39.378
2330	50.452
2331	39.671
2332	42.314
2333	46.354
2334	49.924
2335	44.768
2336	50.358
2337	46.518
2338	51.368
2339	44.428
2340	43.241
2341	54.093
2342	47.528
2343	44.322
2344	53.87
2345	51.122
2346	50.44
2347	52.989
2348	51.768
2349	39.847
2350	44.063
2351	46.776
2352	53.106
2353	49.207
2354	45.496
2355	49.008
2356	40.787
2357	37.64
2358	40.716
2359	47.528
2360	44.862
2361	40.81
2362	45.508
2363	23.97
2364	20.904
2365	30.992
2366	37.405
2367	38.25
2368	37.968
2369	21.257
2370	31.791
2371	38.732
2372	50.605
2373	37.358
2374	23.03
2375	38.579
2376	47.962
2377	42.866
2378	29.419
2379	20.082
2380	24.956
2381	44.357
2382	47.082
2383	46.119
2384	37.651
2385	25.144
2386	42.443
2387	47.974
2388	47.34
2389	47.551
2390	53.788
2391	49.372
2392	48.197
2393	45.461
2394	45.12
2395	49.959
2396	43.136
2397	49.078
2398	51.932
2399	54.363
2400	45.261
2401	38.673
2402	35.162
2403	30.605
2404	38.849
2405	25.849
2406	39.284
2407	34.41
2408	30.699
2409	37.733
2410	39.883
2411	35.584
2412	36.688
2413	37.052
2414	47.493
2415	35.878
2416	39.307
2417	0.951
2418	2.689
2419	16.289
2420	41.445
2421	38.203
2422	33.787
2423	34.563
2424	29.301
2425	34.093
2426	35.89
2427	40.2
2428	40.576
2429	36.817
2430	29.56
2431	36.958
2432	34.856
2433	32.366
2434	30.346
2435	37.158
2436	35.596
2437	39.401
2438	48.879
2439	42.936
2440	42.701
2441	35.807
2442	33.142
2443	31.439
2444	30.382
2445	36.089
2446	35.749
2447	47.046
2448	47.093
2449	41.832
2450	40.869
2451	37.698
2452	38.379
2453	47.775
2454	49.184
2455	44.486
2456	39.93
2457	36.935
2458	32.613
2459	53.4
2460	44.075
2461	43.335
2462	35.807
2463	29.43
2464	36.911
2465	46.271
2466	49.759
2467	39.354
2468	37.252
2469	45.919
2470	45.896
2471	45.355
2472	33.858
2473	48.244
2474	37.698
2475	38.098
2476	41.351
2477	41.527
2478	44.404
2479	46.823
2480	52.942
2481	50.852
2482	38.391
2483	39.413
2484	49.09
2485	51.721
2486	36.794
2487	42.431
2488	43.077
2489	38.285
2490	37.299
2491	36.594
2492	21.245
2493	39.178
2494	40.611
2495	38.321
2496	50.147
2497	38.18
2498	46.682
2499	40.047
2500	46.248
2501	39.26
2502	39.131
2503	39.319
2504	40.282
2505	41.327
2506	42.502
2507	40.975
2508	35.138
2509	36.864
2510	39.108
2511	36.383
2512	33.881
2513	21.456
2514	22.842
2515	32.848
2516	40.047
2517	43.605
2518	42.948
2519	37.369
2520	43.136
2521	11.744
2522	19.201
2523	33.556
2524	39.495
2525	44.04
2526	30.617
2527	46.647
2528	29.231
2529	2.361
2530	4.803
2531	33.881
2532	43.582
2533	45.261
2534	42.854
2535	36.911
2536	30.393
2537	43.265
2538	32.965
2539	30.417
2540	33.893
2541	43.335
2542	39.918
2543	30.664
2544	38.027
2545	33.964
2546	37.569
2547	30.335
2548	28.033
2549	39.425
2550	49.29
2551	46.33
2552	46.189
2553	26.001
2554	36.888
2555	44.287
2556	43.793
2557	51.674
2558	38.274
2559	48.35
2560	37.252
2561	33.224
2562	36.101
2563	34.234
2564	27.939
2565	42.29
2566	41.809
2567	39.284
2568	30.969
2569	36.148
2570	41.938
2571	32.977
2572	41.985
2573	31.157
2574	21.679
2575	32.59
2576	37.416
2577	38.485
2578	44.31
2579	32.366
2580	39.683
2581	32.754
2582	37.522
2583	39.93
2584	32.425
2585	37.475
2586	49.477
2587	38.015
2588	39.789
2589	42.666
2590	39.331
2591	39.225
2592	39.46
2593	42.83
2594	42.361
2595	38.109
2596	41.997
2597	35.021
2598	15.526
2599	8.726
2600	23.664
2601	33.764
2602	39.401
2603	37.005
2604	39.389
2605	40.364
2606	36.97
2607	33.282
2608	31.838
2609	30.546
2610	39.765
2611	39.519
2612	44.298
2613	37.945
2614	36.359
2615	41.938
2616	37.24
2617	44.404
2618	36.23
2619	39.307
2620	42.877
2621	41.116
2622	43.253
2623	40.024
2624	34.398
2625	43.018
2626	46.166
2627	37.228
2628	41.515
2629	34.61
2630	44.169
2631	33.353
2632	39.143
2633	41.468
2634	40.153
2635	38.661
2636	27.446
2637	25.508
2638	45.637
2639	33.67
2640	34.14
2641	37.029
2642	27.786
2643	38.133
2644	39.096
2645	36.524
2646	43.676
2647	44.533
2648	45.391
2649	41.891
2650	39.295
2651	47.07
2652	44.357
2653	47.458
2654	37.135
2655	40.928
2656	41.198
2657	44.193
2658	40.106
2659	38.274
2660	40.529
2661	39.777
2662	43.324
2663	38.896
2664	38.556
2665	43.312
2666	26.025
2667	8.679
2668	31.239
2669	29.583
2670	39.789
2671	39.753
2672	22.49
2673	36.853
2674	27.763
2675	33.2
2676	26.952
2677	33.881
2678	33.506
2679	42.654
2680	35.643
2681	47.622
2682	40.763
2683	41.409
2684	42.537
2685	51.039
2686	43.371
2687	49.959
2688	47.54
2689	43.958
2690	48.244
2691	42.278
2692	46.448
2693	45.872
2694	46.765
2695	45.273
2696	45.931
2697	49.407
2698	42.255
2699	44.263
2700	46.401
2701	46.213
2702	45.661
2703	44.181
2704	46.894
2705	46.8
2706	41.081
2707	43.441
2708	45.12
2709	40.329
2710	36.759
2711	45.755
2712	46.072
2713	48.467
2714	42.455
2715	37.804
2716	46.941
2717	39.566
2718	46.483
2719	42.854
2720	47.622
2721	46.917
2722	51.157
2723	47.833
2724	36.817
2725	48.115
2726	48.702
2727	39.836
2728	45.273
2729	46.224
2730	45.766
2731	45.508
2732	41.75
2733	39.425
2734	40.446
2735	31.051
2736	38.274
2737	40.446
2738	41.82
2739	39.425
2740	43.676
2741	48.632
2742	45.813
2743	41.562
2744	44.157
2745	44.216
2746	40.047
2747	44.392
2748	34.856
2749	24.392
2750	45.485
2751	40.399
2752	38.614
2753	33.999
2754	42.525
2755	34.398
2756	39.342
2757	39.436
2758	40.904
2759	42.642
2760	51.838
2761	32.954
2762	41.456
2763	29.642
2764	23.347
2765	16.395
2766	17.522
2767	23.065
2768	24.298
2769	52.836
2770	29.959
2771	41.092
2772	37.205
2773	34.116
2774	23.241
2775	35.255
2776	46.87
2777	45.179
2778	41.163
2779	38.849
2780	42.819
2781	41.856
2782	41.433
2783	40.129
2784	34.351
2785	48.303
2786	40.247
2787	41.644
2788	38.168
2789	40.0
2790	35.573
2791	46.307
2792	34.105
2793	8.867
2794	5.825
2795	36.492
2796	37.827
2797	41.809
2798	43.488
2799	30.828
2800	26.976
2801	40.822
2802	38.227
2803	40.74
2804	35.044
2805	42.513
2806	24.193
2807	42.114
2808	43.605
2809	37.217
2810	37.792
2811	41.398
2812	37.052
2813	32.836
2814	36.089
2815	31.415
2816	36.9
2817	43.241
2818	42.725
2819	46.377
2820	43.688
2821	14.786
2822	3.089
2823	20.106
2824	37.733
2825	40.552
2826	39.213
2827	42.149
2828	36.911
2829	34.199
2830	19.918
2831	32.731
2832	16.712
2833	17.287
2834	14.152
2835	19.566
2836	26.354
2837	35.232
2838	32.766
2839	34.351
2840	40.388
2841	43.829
2842	41.21
2843	45.156
2844	47.246
2845	30.863
2846	38.485
2847	40.658
2848	43.183
2849	39.941
2850	41.832
2851	50.147
2852	42.513
2853	41.327
2854	33.917
2855	40.141
2856	48.385
2857	51.204
2858	45.073
2859	45.496
2860	43.758
2861	41.574
2862	37.945
2863	39.812
2864	35.009
2865	39.19
2866	41.48
2867	37.499
2868	33.036
2869	36.994
2870	46.06
2871	29.301
2872	40.881
2873	42.044
2874	37.076
2875	32.824
2876	36.876
2877	43.077
2878	43.124
2879	38.497
2880	47.904
2881	39.19
2882	34.516
2883	40.857
2884	40.916
2885	31.85
2886	42.983
2887	36.477
2888	37.005
2889	33.834
2890	31.192
2891	40.987
2892	35.819
2893	28.303
2894	37.487
2895	27.023
2896	35.807
2897	35.784
2898	28.268
2899	33.999
2900	44.674
2901	27.904
2902	34.997
2903	36.723
2904	35.549
2905	39.19
2906	35.255
2907	31.075
2908	44.181
2909	46.847
2910	41.433
2911	41.55
2912	43.735
2913	44.322
2914	47.916
2915	50.347
2916	46.154
2917	37.616
2918	40.153
2919	44.334
2920	46.87
2921	46.166
2922	45.943
2923	44.298
2924	57.099
2925	48.421
2926	44.921
2927	40.399
2928	44.428
2929	44.369
2930	45.931
2931	43.007
2932	39.108
2933	42.173
2934	43.711
2935	41.715
2936	29.055
2937	28.444
2938	37.463
2939	42.678
2940	47.246
2941	46.459
2942	42.795
2943	42.642
2944	48.315
2945	34.21
2946	40.247
2947	40.763
2948	40.928
2949	23.84
2950	40.493
2951	45.496
2952	48.761
2953	46.941
2954	42.361
2955	41.127
2956	36.265
2957	51.321
2958	43.512
2959	34.269
2960	33.482
2961	29.912
2962	29.654
2963	36.806
2964	41.961
2965	45.367
2966	31.932
2967	38.72
2968	36.641
2969	43.617
2970	45.884
2971	38.133
2972	30.37
2973	40.493
2974	38.227
2975	41.656
2976	42.231
2977	48.667
2978	41.116
2979	35.021
2980	27.951
2981	29.008
2982	46.565
2983	34.483
2984	38.955
2985	35.291
2986	27.246
2987	38.462
2988	44.58
2989	42.713
2990	26.659
2991	50.605
2992	46.624
2993	28.949
2994	21.186
2995	40.27
2996	42.102
2997	19.425
2998	28.843
2999	20.622
3000	47.516
3001	50.91
3002	35.631
3003	41.398
3004	46.06
3005	43.23
3006	44.651
3007	45.978
3008	34.504
3009	38.591
3010	46.541
3011	36.806
3012	40.2
3013	40.81
3014	46.988
3015	40.247
3016	45.86
3017	45.461
3018	36.348
3019	37.51
3020	50.581
3021	44.017
3022	45.097
3023	35.432
3024	26.307
3025	36.418
3026	22.231
3027	15.291
3028	30.241
3029	38.614
3030	38.145
3031	50.57
3032	43.993
3033	47.927
3034	31.497
3035	34.891
3036	36.911
3037	34.739
3038	39.988
3039	47.352
3040	46.999
3041	29.066
3042	25.731
3043	25.978
3044	35.807
3045	40.141
3046	44.416
3047	41.539
3048	31.016
3049	33.764
3050	36.359
3051	50.781
3052	36.653
3053	34.375
3054	33.482
3055	43.829
3056	32.907
3057	49.947
3058	42.549
3059	37.827
3060	29.325
3061	45.026
3062	46.001
3063	28.503
3064	28.55
3065	41.386
3066	36.958
3067	41.057
3068	34.105
3069	40.529
3070	39.789
3071	43.23
3072	43.911
3073	37.968
3074	43.711
3075	40.752
3076	39.166
3077	38.215
3078	31.263
3079	33.142
3080	46.718
3081	51.662
3082	45.261
3083	35.714
3084	43.441
3085	39.753
3086	42.631
3087	35.373
3088	33.823
3089	33.165
3090	39.366
3091	33.236
3092	36.031
3093	43.1
3094	38.779
3095	39.941
3096	39.683
3097	27.904
3098	31.509
3099	27.364
3100	20.822
3101	33.388
3102	25.719
3103	2.678
3104	20.211
3105	33.482
3106	29.771
3107	38.509
3108	40.423
3109	41.445
3110	40.564
3111	44.662
3112	31.18
3113	32.167
3114	42.678
3115	30.358
3116	36.442
3117	34.539
3118	20.258
3119	30.511
3120	35.702
3121	43.324
3122	34.574
3123	45.614
3124	45.825
3125	46.776
3126	51.544
3127	37.369
3128	47.422
3129	53.647
3130	48.045
3131	41.762
3132	36.113
3133	47.481
3134	45.097
3135	46.847
3136	38.873
3137	46.295
3138	46.753
3139	41.409
3140	46.318
3141	38.638
3142	44.51
3143	40.153
3144	45.097
3145	38.908
3146	47.516
3147	47.763
3148	39.025
3149	42.842
3150	48.362
3151	45.426
3152	40.564
3153	42.901
3154	48.28
3155	44.733
3156	33.647
3157	46.999
3158	45.214
3159	45.578
3160	39.871
3161	31.392
3162	34.844
3163	41.562
3164	50.217
3165	45.355
3166	46.295
3167	51.004
3168	45.358
3169	52.801
3170	47.493
3171	28.197
3172	49.395
3173	43.946
3174	43.312
3175	28.679
3176	34.257
3177	36.301
3178	36.735
3179	45.531
3180	48.491
3181	45.661
3182	38.156
3183	46.13
3184	43.899
3185	45.896
3186	48.291
3187	39.648
3188	36.7
3189	41.045
3190	47.622
3191	35.185
3192	20.294
3193	16.77
3194	29.219
3195	44.345
3196	33.67
3197	36.829
3198	39.977
3199	35.714
3200	42.396
3201	45.508
3202	40.728
3203	46.577
3204	41.468
3205	40.693
3206	38.826
3207	46.694
3208	44.933
3209	46.177
3210	47.129
3211	41.339
3212	44.31
3213	36.9
3214	35.232
3215	40.423
3216	40.482
3217	40.341
3218	45.661
3219	48.749
3220	41.539
3221	44.475
3222	40.164
3223	38.497
3224	37.217
3225	26.624
3226	27.845
3227	34.14
3228	33.987
3229	36.078
3230	30.44
3231	34.833
3232	41.809
3233	38.509
3234	31.85
3235	42.842
3236	17.839
3237	23.511
3238	12.777
3239	20.857
3240	18.227
3241	32.578
3242	26.671
3243	19.836
3244	22.49
3245	42.631
3246	34.68
3247	21.304
3248	37.98
3249	41.339
3250	34.868
3251	39.178
3252	42.537
3253	29.642
3254	24.146
3255	18.861
3256	35.467
3257	39.19
3258	33.153
3259	26.671
3260	46.224
3261	35.138
3262	43.993
3263	37.182
3264	25.156
3265	34.962
3266	27.422
3267	38.814
3268	34.95
3269	20.998
3270	30.887
3271	47.669
3272	37.651
3273	42.49
3274	37.088
3275	40.529
3276	27.739
3277	33.024
3278	33.376
3279	37.405
3280	39.871
3281	29.888
3282	41.82
3283	43.923
3284	39.566
3285	42.595
3286	39.753
3287	43.241
3288	41.527
3289	29.513
3290	37.369
3291	38.109
3292	29.595
3293	38.814
3294	33.4
3295	37.499
3296	32.754
3297	31.662
3298	23.934
3299	28.28
3300	34.292
3301	34.633
3302	19.612
3303	36.911
3304	45.884
3305	45.907
3306	39.037
3307	42.631
3308	37.557
3309	47.117
3310	32.871
3311	43.476
3312	27.469
3313	33.764
3314	39.765
3315	41.034
3316	39.143
3317	51.133
3318	48.796
3319	54.046
3320	48.197
3321	45.672
3322	41.421
3323	45.649
3324	32.977
3325	40.329
3326	30.793
3327	47.105
3328	45.003
3329	29.477
3330	46.847
3331	40.716
3332	43.394
3333	35.995
3334	28.796
3335	39.847
3336	46.706
3337	44.756
3338	35.103
3339	32.566
3340	38.884
3341	40.81
3342	38.743
3343	38.156
3344	46.87
3345	39.025
3346	40.963
3347	45.167
3348	37.123
3349	30.029
3350	37.499
3351	40.552
3352	44.498
3353	34.539
3354	43.793
3355	46.154
3356	51.674
3357	45.778
3358	37.51
3359	37.393
3360	38.309
3361	33.694
3362	39.436
3363	31.039
3364	40.176
3365	38.156
3366	34.915
3367	32.801
3368	39.695
3369	33.012
3370	34.668
3371	41.632
3372	42.666
3373	35.526
3374	45.708
3375	39.295
3376	45.907
3377	40.282
3378	32.695
3379	40.775
3380	43.5
3381	40.118
3382	45.872
3383	43.934
3384	37.827
3385	43.676
3386	37.945
3387	36.853
3388	35.514
3389	37.099
3390	38.227
3391	33.635
3392	39.096
3393	25.355
3394	32.343
3395	38.849
3396	34.774
3397	23.864
3398	36.677
3399	29.078
3400	35.279
3401	41.456
3402	36.712
3403	34.41
3404	23.829
3405	18.297
3406	25.614
3407	30.123
3408	25.238
3409	29.278
3410	18.544
3411	20.705
3412	25.402
3413	27.152
3414	35.96
3415	45.426
3416	45.802
3417	50.511
3418	43.465
3419	40.423
3420	43.277
3421	39.554
3422	37.24
3423	38.873
3424	39.483
3425	32.836
3426	39.225
3427	29.019
3428	48.233
3429	35.948
3430	41.679
3431	42.877
3432	38.332
3433	45.567
3434	35.432
3435	36.019
3436	36.066
3437	31.368
3438	47.786
3439	44.522
3440	44.169
3441	45.297
3442	43.406
3443	43.277
3444	38.708
3445	44.698
3446	42.49
3447	36.406
3448	50.734
3449	38.309
3450	34.75
3451	33.623
3452	46.894
3453	38.661
3454	43.465
3455	45.308
3456	40.564
3457	48.479
3458	45.825
3459	40.071
3460	44.439
3461	42.807
3462	42.161
3463	41.069
3464	21.809
3465	35.349
3466	30.499
3467	33.2
3468	27.681
3469	27.833
3470	25.802
3471	33.4
3472	44.651
3473	31.967
3474	26.776
3475	23.746
3476	29.066
3477	32.108
3478	30.781
3479	32.613
3480	34.48
3481	36.383
3482	33.142
3483	36.348
3484	29.149
3485	36.841
3486	39.119
3487	45.755
3488	28.644
3489	40.752
3490	24.651
3491	20.681
3492	20.164
3493	28.221
3494	41.01
3495	25.026
3496	38.45
3497	37.757
3498	39.718
3499	39.659
3500	30.147
3501	35.361
3502	30.534
3503	25.837
3504	26.565
3505	27.129
3506	39.847
3507	25.367
3508	41.362
3509	37.886
3510	50.147
3511	44.075
3512	31.544
3513	36.841
3514	48.139
3515	41.597
3516	36.994
3517	40.2
3518	40.435
3519	42.736
3520	44.075
3521	42.431
3522	33.153
3523	37.17
3524	43.277
3525	46.647
3526	45.285
3527	39.589
3528	37.945
3529	45.825
3530	41.985
3531	41.221
3532	46.647
3533	41.386
3534	46.119
3535	40.716
3536	45.308
3537	31.368
3538	35.197
3539	23.864
3540	23.382
3541	40.681
3542	50.546
3543	52.355
3544	49.477
3545	49.842
3546	52.378
3547	44.087
3548	44.486
3549	39.659
3550	41.245
3551	43.723
3552	44.475
3553	39.894
3554	43.793
3555	39.131
3556	38.732
3557	43.793
3558	48.479
3559	45.062
3560	47.939
3561	40.329
3562	54.445
3563	46.436
3564	39.342
3565	41.879
3566	37.78
3567	37.698
3568	27.669
3569	36.747
3570	43.758
3571	40.282
3572	38.309
3573	41.104
3574	45.825
3575	45.426
3576	45.625
3577	52.684
3578	45.567
3579	52.895
3580	50.194
3581	43.218
3582	41.75
3583	43.512
3584	27.481
3585	40.787
3586	47.129
3587	43.911
3588	38.051
3589	31.662
3590	34.222
3591	25.273
3592	32.038
3593	30.405
3594	28.738
3595	21.55
3596	15.878
3597	14.821
3598	11.873
3599	1.445
