0	11.292
1	11.286
2	13.647
3	17.733
4	23.324
5	20.834
6	25.379
7	24.298
8	21.421
9	27.986
10	37.933
11	31.638
12	31.216
13	30.123
14	30.734
15	35.22
16	33.682
17	29.301
18	32.824
19	28.056
20	30.511
21	29.477
22	27.387
23	33.588
24	22.936
25	30.429
26	33.142
27	16.7
28	16.371
29	19.389
30	16.477
31	13.071
32	14.339
33	11.345
34	14.527
35	13.482
36	15.079
37	13.905
38	17.792
39	12.824
40	21.679
41	17.957
42	30.722
43	37.863
44	40.998
45	23.394
46	32.531
47	26.823
48	17.569
49	28.068
50	23.746
51	29.372
52	17.639
53	34.281
54	20.482
55	9.665
56	25.531
57	20.916
58	31.556
59	40.904
60	33.4
61	31.345
62	11.615
63	22.396
64	24.897
65	39.225
66	31.92
67	21.456
68	36.559
69	29.56
70	34.234
71	24.063
72	22.971
73	26.013
74	38.368
75	25.766
76	28.139
77	33.177
78	16.571
79	17.898
80	22.607
81	26.271
82	17.651
83	13.694
84	11.262
85	30.828
86	21.809
87	15.925
88	19.096
89	27.669
90	41.151
91	37.745
92	43.218
93	43.699
94	35.361
95	44.733
96	40.716
97	36.336
98	50.123
99	46.412
100	38.826
101	37.358
102	29.383
103	34.504
104	40.211
105	40.822
106	46.119
107	43.605
108	41.656
109	43.265
110	27.457
111	24.709
112	27.516
113	37.663
114	39.871
115	35.396
116	34.563
117	28.503
118	28.256
119	25.531
120	39.201
121	27.622
122	34.022
123	24.181
124	26.741
125	17.957
126	26.87
127	21.597
128	26.013
129	15.091
130	33.975
131	36.078
132	41.01
133	34.75
134	23.864
135	45.508
136	28.526
137	36.688
138	27.246
139	28.162
140	34.563
141	20.153
142	21.268
143	25.931
144	20.364
145	13.635
146	25.59
147	26.706
148	27.751
149	31.462
150	34.199
151	32.613
152	31.932
153	28.174
154	12.766
155	11.403
156	22.079
157	8.303
158	7.328
159	20.646
160	14.175
161	24.169
162	28.444
163	18.884
164	39.659
165	39.883
166	30.711
167	28.009
168	37.24
169	30.3
170	41.879
171	32.918
172	40.587
173	42.267
174	43.805
175	36.641
176	14.269
177	22.396
178	15.373
179	13.928
180	17.052
181	18.72
182	24.169
183	11.227
184	16.359
185	17.557
186	26.342
187	17.804
188	19.002
189	22.431
190	14.128
191	23.664
192	18.015
193	14.703
194	16.477
195	29.348
196	26.835
197	17.945
198	14.011
199	19.061
200	19.131
201	13.376
202	16.336
203	12.989
204	12.179
205	19.906
206	21.022
207	34.774
208	37.193
209	44.933
210	26.647
211	25.989
212	37.264
213	24.521
214	23.641
215	31.442
216	22.243
217	37.534
218	23.617
219	13.083
220	26.107
221	34.011
222	33.6
223	23.793
224	25.896
225	34.633
226	48.197
227	43.699
228	22.807
229	10.851
230	35.232
231	30.429
232	26.577
233	18.72
234	16.395
235	20.047
236	27.822
237	30.382
238	35.561
239	24.721
240	19.061
241	40.47
242	38.638
243	29.712
244	38.978
245	37.581
246	44.052
247	39.342
248	40.0
249	32.883
250	30.945
251	37.839
252	36.688
253	38.051
254	40.505
255	38.967
256	43.899
257	46.001
258	35.326
259	39.119
260	24.651
261	29.36
262	40.846
263	40.916
264	42.924
265	42.701
266	41.163
267	44.381
268	38.732
269	46.588
270	46.013
271	44.991
272	39.366
273	39.507
274	36.935
275	36.911
276	44.146
277	44.627
278	43.887
279	38.415
280	46.248
281	44.709
282	39.742
283	37.346
284	38.92
285	32.625
286	20.752
287	38.18
288	38.861
289	34.539
290	38.708
291	39.178
292	37.745
293	36.911
294	35.89
295	34.891
296	21.045
297	22.513
298	42.361
299	34.727
300	38.215
301	29.536
302	37.299
303	33.506
304	37.745
305	35.302
306	38.837
307	35.608
308	44.017
309	41.879
310	39.061
311	42.349
312	30.628
313	6.107
314	7.152
315	10.628
316	14.457
317	27.986
318	35.502
319	41.492
320	27.434
321	11.944
322	30.816
323	28.702
324	38.79
325	18.074
326	20.529
327	7.822
328	28.456
329	26.318
330	38.191
331	28.045
332	31.674
333	26.8
334	29.172
335	41.715
336	37.393
337	34.516
338	36.125
339	38.285
340	33.341
341	29.231
342	30.264
343	31.251
344	38.485
345	34.844
346	19.977
347	25.191
348	30.37
349	38.051
350	21.198
351	30.805
352	30.769
353	27.869
354	18.356
355	23.782
356	34.797
357	33.893
358	21.198
359	13.6
360	13.975
361	7.481
362	24.991
363	15.854
364	4.557
365	24.052
366	17.346
367	4.263
368	8.373
369	12.143
370	27.822
371	35.279
372	12.848
373	15.878
374	20.47
375	20.658
376	23.3
377	21.045
378	21.961
379	18.144
380	30.358
381	12.86
382	39.331
383	28.209
384	20.388
385	34.657
386	25.085
387	37.616
388	30.581
389	12.167
390	11.122
391	24.615
392	19.248
393	20.235
394	29.407
395	23.112
396	27.716
397	46.001
398	39.401
399	43.241
400	39.73
401	40.188
402	22.29
403	25.59
404	19.742
405	27.352
406	35.995
407	34.351
408	41.527
409	38.145
410	33.365
411	33.647
412	38.861
413	38.837
414	39.413
415	35.455
416	33.4
417	20.446
418	37.886
419	43.147
420	36.876
421	17.134
422	28.244
423	21.374
424	22.689
425	26.906
426	25.308
427	23.793
428	21.785
429	27.939
430	28.327
431	19.025
432	34.704
433	16.465
434	7.704
435	9.137
436	10.37
437	10.182
438	8.972
439	10.957
440	9.316
441	13.576
442	28.056
443	31.885
444	23.488
445	30.123
446	35.126
447	37.369
448	38.579
449	44.063
450	40.164
451	46.659
452	34.058
453	9.43
454	21.715
455	30.722
456	36.606
457	37.287
458	38.344
459	46.142
460	42.161
461	31.075
462	33.506
463	19.46
464	35.267
465	18.144
466	11.016
467	30.734
468	26.8
469	22.725
470	41.762
471	39.566
472	31.873
473	42.314
474	39.272
475	10.276
476	12.179
477	12.59
478	10.429
479	15.655
480	14.774
481	15.15
482	12.19
483	14.938
484	15.678
485	20.0
486	19.871
487	17.369
488	25.402
489	22.466
490	23.547
491	16.371
492	20.74
493	22.83
494	37.686
495	29.63
496	35.502
497	21.174
498	7.61
499	12.12
500	36.406
501	39.577
502	40.81
503	35.42
504	27.317
505	18.297
506	17.099
507	22.948
508	24.862
509	25.156
510	29.9
511	26.354
512	8.89
513	25.332
514	12.249
515	10.159
516	16.888
517	40.012
518	46.201
519	37.722
520	35.537
521	37.745
522	25.719
523	15.948
524	16.148
525	16.371
526	14.551
527	20.129
528	14.645
529	18.767
530	17.945
531	36.653
532	28.972
533	19.107
534	23.112
535	10.241
536	28.761
537	14.516
538	26.06
539	26.459
540	17.863
541	39.143
542	29.888
543	25.003
544	22.983
545	31.169
546	21.139
547	19.894
548	21.069
549	18.614
550	18.673
551	13.74
552	15.866
553	12.66
554	17.134
555	20.317
556	31.216
557	41.891
558	36.371
559	29.935
560	30.875
561	37.992
562	35.42
563	35.42
564	36.125
565	48.15
566	45.144
567	38.873
568	29.325
569	14.821
570	39.472
571	22.255
572	25.484
573	24.78
574	21.809
575	22.819
576	25.907
577	26.424
578	23.911
579	30.382
580	32.226
581	28.82
582	24.756
583	33.048
584	35.032
585	31.838
586	31.603
587	25.567
588	24.897
589	25.978
590	18.203
591	20.399
592	12.93
593	13.012
594	12.801
595	19.319
596	16.559
597	25.919
598	30.769
599	26.506
600	31.744
601	32.343
602	29.842
603	25.015
604	29.783
605	35.467
606	35.432
607	21.867
608	24.228
609	15.89
610	20.364
611	27.622
612	26.213
613	22.173
614	33.095
615	24.028
616	11.967
617	26.541
618	22.419
619	34.116
620	35.854
621	34.621
622	28.033
623	33.071
624	40.552
625	39.495
626	37.698
627	33.517
628	33.306
629	39.425
630	42.114
631	40.0
632	29.724
633	30.041
634	26.424
635	34.704
636	40.658
637	41.245
638	21.891
639	24.087
640	26.354
641	32.695
642	25.825
643	21.773
644	9.278
645	30.746
646	41.174
647	38.368
648	28.608
649	48.174
650	42.079
651	35.866
652	31.638
653	35.443
654	32.19
655	31.063
656	30.722
657	30.593
658	41.668
659	38.238
660	17.487
661	10.006
662	18.861
663	27.422
664	30.37
665	15.056
666	29.806
667	26.142
668	34.328
669	31.298
670	29.795
671	28.949
672	29.818
673	37.393
674	32.12
675	35.549
676	35.291
677	35.244
678	32.59
679	38.614
680	22.819
681	11.204
682	15.173
683	32.12
684	28.773
685	40.106
686	34.246
687	37.569
688	38.861
689	26.917
690	30.828
691	28.526
692	38.133
693	35.349
694	30.581
695	28.902
696	30.793
697	31.368
698	31.533
699	24.85
700	37.593
701	30.393
702	38.238
703	33.282
704	32.073
705	28.867
706	37.698
707	36.395
708	28.832
709	29.102
710	15.819
711	14.95
712	5.555
713	19.284
714	19.836
715	18.144
716	15.819
717	12.402
718	19.307
719	20.787
720	15.772
721	17.722
722	22.431
723	17.663
724	20.834
725	18.497
726	24.944
727	15.608
728	8.585
729	5.743
730	4.04
731	11.309
732	9.266
733	10.405
734	18.403
735	27.07
736	27.258
737	15.749
738	12.965
739	17.71
740	12.519
741	30.875
742	40.411
743	36.078
744	40.74
745	38.65
746	25.073
747	22.666
748	19.272
749	17.604
750	14.504
751	19.342
752	10.452
753	23.77
754	21.762
755	21.198
756	21.926
757	33.4
758	32.449
759	30.511
760	18.438
761	20.388
762	15.526
763	9.853
764	15.338
765	13.541
766	13.447
767	15.831
768	14.633
769	17.616
770	18.955
771	20.505
772	20.352
773	20.141
774	15.49
775	29.583
776	23.805
777	14.21
778	22.971
779	19.836
780	23.429
781	30.922
782	28.679
783	22.971
784	27.211
785	26.882
786	27.927
787	16.007
788	15.432
789	24.181
790	19.201
791	30.159
792	19.014
793	18.896
794	34.269
795	35.338
796	36.136
797	24.733
798	28.608
799	31.826
800	34.386
801	26.271
802	36.547
803	34.422
804	31.638
805	24.674
806	28.89
807	34.445
808	25.778
809	18.591
810	31.38
811	26.753
812	27.61
813	23.594
814	24.745
815	32.355
816	41.304
817	35.807
818	32.484
819	29.818
820	26.812
821	23.3
822	26.389
823	39.624
824	27.763
825	24.146
826	27.61
827	20.599
828	16.524
829	22.455
830	26.753
831	19.589
832	25.391
833	20.493
834	40.141
835	34.927
836	16.665
837	22.173
838	39.413
839	41.28
840	41.95
841	38.661
842	29.642
843	34.469
844	32.59
845	30.628
846	32.331
847	40.822
848	34.621
849	40.802
850	34.727
851	40.834
852	39.836
853	24.216
854	23.535
855	19.683
856	36.571
857	36.218
858	23.511
859	9.783
860	21.632
861	32.226
862	39.084
863	42.772
864	42.913
865	43.864
866	25.719
867	38.262
868	32.801
869	32.425
870	34.234
871	30.37
872	26.189
873	31.45
874	23.453
875	31.004
876	36.078
877	23.265
878	40.388
879	36.911
880	35.255
881	28.397
882	34.833
883	34.962
884	41.797
885	32.789
886	43.277
887	43.512
888	19.154
889	19.8
890	29.489
891	27.41
892	24.933
893	27.164
894	19.847
895	28.655
896	30.945
897	31.603
898	29.935
899	36.583
900	34.492
901	32.507
902	36.641
903	36.089
904	41.586
905	40.082
906	42.102
907	36.066
908	33.282
909	37.839
910	32.484
911	33.412
912	39.53
913	34.75
914	31.556
915	31.591
916	15.432
917	18.274
918	28.832
919	32.965
920	27.035
921	24.31
922	15.972
923	29.172
924	23.652
925	32.86
926	44.169
927	35.068
928	36.453
929	38.743
930	29.383
931	31.31
932	26.765
933	15.537
934	30.323
935	31.521
936	41.914
937	39.918
938	35.76
939	43.124
940	35.091
941	27.023
942	34.234
943	25.379
944	27.375
945	29.759
946	26.765
947	36.019
948	42.971
949	40.024
950	36.489
951	36.911
952	42.595
953	41.809
954	44.052
955	42.49
956	45.931
957	24.345
958	31.85
959	33.482
960	14.692
961	37.182
962	38.344
963	30.194
964	34.163
965	28.338
966	42.913
967	35.255
968	33.588
969	44.897
970	43.418
971	41.797
972	40.27
973	39.519
974	41.773
975	40.94
976	37.546
977	27.528
978	22.043
979	26.988
980	37.475
981	23.465
982	28.996
983	31.227
984	38.497
985	37.886
986	30.617
987	24.968
988	22.736
989	24.428
990	23.535
991	25.038
992	28.702
993	26.142
994	39.002
995	30.335
996	22.619
997	31.732
998	26.013
999	18.579
1000	26.847
1001	39.753
1002	37.17
1003	34.633
1004	44.709
1005	40.27
1006	45.59
1007	37.816
1008	38.168
1009	36.019
1010	25.625
1011	15.056
1012	23.312
1013	21.879
1014	23.335
1015	31.38
1016	37.405
1017	34.163
1018	37.945
1019	25.085
1020	35.608
1021	33.787
1022	16.829
1023	32.648
1024	43.911
1025	44.933
1026	40.082
1027	27.375
1028	23.441
1029	23.981
1030	22.678
1031	33.294
1032	43.465
1033	35.349
1034	29.501
1035	31.768
1036	27.845
1037	25.261
1038	31.356
1039	38.603
1040	30.147
1041	27.164
1042	29.759
1043	15.255
1044	18.497
1045	16.054
1046	22.184
1047	20.223
1048	23.429
1049	17.616
1050	36.841
1051	37.381
1052	31.474
1053	28.773
1054	11.638
1055	8.714
1056	24.874
1057	22.22
1058	33.212
1059	15.396
1060	12.132
1061	11.239
1062	17.24
1063	14.821
1064	17.041
1065	15.15
1066	26.224
1067	32.695
1068	30.194
1069	38.638
1070	15.126
1071	33.165
1072	36.348
1073	18.732
1074	31.157
1075	21.609
1076	29.571
1077	22.361
1078	26.729
1079	9.994
1080	23.523
1081	25.602
1082	22.537
1083	22.043
1084	17.088
1085	13.74
1086	17.733
1087	36.5
1088	22.572
1089	7.504
1090	8.362
1091	18.215
1092	9.442
1093	14.774
1094	13.682
1095	33.47
1096	28.55
1097	30.018
1098	11.169
1099	7.657
1100	18.708
1101	24.075
1102	12.249
1103	21.609
1104	19.93
1105	21.116
1106	39.695
1107	13.858
1108	11.157
1109	22.525
1110	15.925
1111	9.888
1112	33.212
1113	16.007
1114	17.252
1115	14.868
1116	17.675
1117	16.759
1118	25.931
1119	26.776
1120	19.119
1121	16.23
1122	21.433
1123	16.9
1124	27.281
1125	41.151
1126	38.685
1127	38.098
1128	37.228
1129	41.773
1130	31.098
1131	34.234
1132	42.795
1133	36.148
1134	33.059
1135	37.651
1136	40.435
1137	38.274
1138	34.351
1139	28.667
1140	26.248
1141	30.417
1142	23.911
1143	36.301
1144	26.917
1145	27.41
1146	33.506
1147	28.644
1148	36.817
1149	39.154
1150	37.334
1151	29.243
1152	35.302
1153	38.673
1154	29.313
1155	19.519
1156	24.24
1157	24.698
1158	17.827
1159	16.911
1160	16.148
1161	25.191
1162	18.52
1163	16.935
1164	35.068
1165	17.228
1166	10.076
1167	34.48
1168	26.859
1169	24.416
1170	41.644
1171	41.374
1172	30.734
1173	5.332
1174	17.616
1175	23.418
1176	35.479
1177	29.618
1178	38.238
1179	11.204
1180	2.619
1181	2.971
1182	20.54
1183	19.366
1184	28.726
1185	35.69
1186	35.89
1187	39.918
1188	36.806
1189	41.186
1190	30.229
1191	17.346
1192	29.724
1193	7.939
1194	3.605
1195	15.338
1196	12.061
1197	22.678
1198	11.662
1199	7.516
1200	11.427
1201	13.024
1202	7.892
1203	10.37
1204	9.207
1205	10.84
1206	17.992
1207	18.027
1208	23.3
1209	14.281
1210	17.933
1211	32.965
1212	19.836
1213	29.524
1214	37.569
1215	28.221
1216	23.594
1217	22.913
1218	22.654
1219	35.502
1220	19.201
1221	16.9
1222	12.19
1223	17.346
1224	18.203
1225	17.686
1226	17.675
1227	18.79
1228	18.626
1229	20.857
1230	18.074
1231	20.893
1232	22.725
1233	41.503
1234	31.533
1235	28.35
1236	25.32
1237	25.379
1238	43.852
1239	20.963
1240	31.462
1241	24.85
1242	26.26
1243	39.777
1244	36.465
1245	39.025
1246	41.045
1247	35.209
1248	30.91
1249	36.031
1250	33.6
1251	31.955
1252	28.009
1253	36.547
1254	34.68
1255	31.028
1256	24.991
1257	26.882
1258	35.749
1259	23.053
1260	21.515
1261	21.268
1262	21.515
1263	25.966
1264	32.883
1265	40.681
1266	43.512
1267	36.829
1268	44.486
1269	42.173
1270	36.383
1271	33.576
1272	36.371
1273	30.605
1274	23.194
1275	42.314
1276	41.48
1277	35.056
1278	29.055
1279	40.329
1280	43.429
1281	40.059
1282	33.647
1283	43.617
1284	34.762
1285	36.371
1286	41.492
1287	36.312
1288	41.292
1289	38.685
1290	36.172
1291	39.883
1292	36.348
1293	37.099
1294	34.621
1295	36.183
1296	39.53
1297	34.457
1298	30.898
1299	29.677
1300	22.96
1301	12.883
1302	31.674
1303	36.559
1304	38.661
1305	32.824
1306	26.201
1307	26.776
1308	20.658
1309	38.72
1310	24.521
1311	17.252
1312	18.121
1313	24.944
1314	17.98
1315	22.725
1316	31.075
1317	24.827
1318	37.839
1319	31.356
1320	38.779
1321	28.209
1322	36.019
1323	36.031
1324	40.846
1325	38.015
1326	32.355
1327	27.093
1328	25.778
1329	38.203
1330	31.521
1331	25.003
1332	29.008
1333	22.043
1334	17.604
1335	21.057
1336	24.721
1337	20.282
1338	33.13
1339	21.762
1340	27.998
1341	31.979
1342	17.088
1343	26.906
1344	16.066
1345	16.242
1346	17.569
1347	28.291
1348	39.589
1349	36.031
1350	42.725
1351	39.014
1352	45.978
1353	32.789
1354	35.772
1355	32.355
1356	35.255
1357	38.227
1358	43.829
1359	46.588
1360	41.081
1361	41.973
1362	43.382
1363	41.386
1364	40.129
1365	42.184
1366	41.55
1367	44.439
1368	45.86
1369	35.209
1370	41.327
1371	44.803
1372	37.205
1373	40.118
1374	43.253
1375	32.425
1376	37.217
1377	40.576
1378	43.112
1379	34.739
1380	29.571
1381	20.54
1382	18.297
1383	18.426
1384	23.194
1385	29.712
1386	31.685
1387	30.452
1388	32.848
1389	26.494
1390	31.063
1391	33.294
1392	15.514
1393	16.712
1394	20.752
1395	25.144
1396	30.264
1397	35.866
1398	29.971
1399	34.539
1400	35.326
1401	33.787
1402	34.058
1403	42.478
1404	18.027
1405	36.489
1406	31.403
1407	34.539
1408	42.49
1409	33.494
1410	35.361
1411	24.874
1412	31.133
1413	40.27
1414	44.204
1415	40.317
1416	33.212
1417	20.987
1418	18.743
1419	23.171
1420	31.533
1421	24.169
1422	32.484
1423	31.638
1424	36.489
1425	30.393
1426	26.577
1427	20.07
1428	28.961
1429	31.544
1430	33.705
1431	18.156
1432	31.204
1433	31.133
1434	40.951
1435	39.295
1436	33.787
1437	34.962
1438	23.535
1439	22.866
1440	33.823
1441	18.814
1442	37.099
1443	34.058
1444	38.65
1445	23.899
1446	20.329
1447	32.566
1448	40.27
1449	23.735
1450	14.727
1451	38.368
1452	36.911
1453	40.705
1454	40.106
1455	37.91
1456	32.66
1457	26.706
1458	13.4
1459	14.48
1460	13.834
1461	19.953
1462	17.24
1463	22.173
1464	13.999
1465	18.955
1466	16.77
1467	23.84
1468	24.933
1469	30.499
1470	16.994
1471	21.351
1472	26.53
1473	23.218
1474	31.732
1475	34.034
1476	36.031
1477	21.879
1478	26.213
1479	19.953
1480	18.391
1481	35.326
1482	29.548
1483	31.814
1484	35.302
1485	33.952
1486	33.611
1487	33.635
1488	18.227
1489	37.205
1490	32.778
1491	38.004
1492	37.98
1493	36.524
1494	34.14
1495	27.035
1496	28.761
1497	29.466
1498	32.143
1499	37.651
1500	36.078
1501	31.356
1502	34.222
1503	39.988
1504	30.405
1505	22.783
1506	28.456
1507	31.603
1508	31.979
1509	17.698
1510	29.759
1511	33.917
1512	20.857
1513	35.913
1514	33.975
1515	39.354
1516	31.415
1517	25.931
1518	14.457
1519	18.779
1520	26.87
1521	29.783
1522	33.917
1523	29.642
1524	26.095
1525	32.002
1526	31.721
1527	33.142
1528	28.033
1529	27.164
1530	40.153
1531	32.895
1532	19.319
1533	18.098
1534	20.435
1535	10.675
1536	15.631
1537	18.814
1538	26.765
1539	32.12
1540	31.697
1541	29.689
1542	35.091
1543	32.284
1544	30.346
1545	29.219
1546	36.935
1547	37.769
1548	23.312
1549	30.84
1550	36.089
1551	27.88
1552	24.392
1553	24.404
1554	27.81
1555	28.28
1556	31.533
1557	29.372
1558	22.443
1559	27.751
1560	23.371
1561	26.095
1562	22.607
1563	18.861
1564	25.367
1565	31.075
1566	28.315
1567	23.829
1568	38.673
1569	32.519
1570	39.378
1571	39.8
1572	41.574
1573	42.173
1574	43.3
1575	37.041
1576	37.733
1577	37.346
1578	26.835
1579	26.847
1580	31.204
1581	23.782
1582	20.352
1583	33.118
1584	28.773
1585	24.216
1586	14.668
1587	18.591
1588	21.715
1589	38.227
1590	28.937
1591	23.558
1592	11.721
1593	18.403
1594	27.962
1595	38.051
1596	35.079
1597	24.063
1598	18.978
1599	25.109
1600	36.512
1601	20.787
1602	22.783
1603	32.813
1604	17.792
1605	17.358
1606	16.794
1607	26.988
1608	24.134
1609	36.336
1610	28.033
1611	24.545
1612	16.641
1613	26.964
1614	16.465
1615	22.137
1616	23.84
1617	38.603
1618	40.634
1619	38.168
1620	30.945
1621	33.271
1622	38.591
1623	37.369
1624	41.55
1625	32.46
1626	25.484
1627	32.249
1628	34.21
1629	23.406
1630	14.856
1631	27.939
1632	38.274
1633	26.06
1634	20.423
1635	19.037
1636	11.861
1637	18.967
1638	22.325
1639	24.862
1640	33.306
1641	31.028
1642	31.932
1643	33.165
1644	30.675
1645	37.228
1646	26.917
1647	14.093
1648	34.269
1649	34.152
1650	21.292
1651	22.854
1652	31.533
1653	15.631
1654	12.989
1655	17.134
1656	25.661
1657	38.708
1658	29.665
1659	21.163
1660	15.76
1661	17.428
1662	14.809
1663	12.836
1664	13.224
1665	15.42
1666	17.851
1667	15.655
1668	16.676
1669	21.022
1670	19.847
1671	20.846
1672	16.442
1673	18.274
1674	21.127
1675	21.832
1676	17.98
1677	16.594
1678	22.96
1679	19.671
1680	22.055
1681	19.742
1682	15.584
1683	13.881
1684	30.1
1685	26.177
1686	10.922
1687	11.157
1688	21.809
1689	30.91
1690	30.546
1691	28.503
1692	30.076
1693	40.294
1694	38.051
1695	39.8
1696	43.406
1697	27.164
1698	27.645
1699	30.699
1700	37.275
1701	40.752
1702	30.393
1703	36.794
1704	41.844
1705	26.553
1706	28.796
1707	27.704
1708	27.434
1709	35.373
1710	33.67
1711	30.781
1712	41.022
1713	44.099
1714	40.106
1715	36.606
1716	27.422
1717	33.564
1718	36.653
1719	43.782
1720	42.983
1721	43.558
1722	42.983
1723	41.386
1724	39.002
1725	26.318
1726	21.703
1727	21.151
1728	21.55
1729	23.1
1730	29.724
1731	23.887
1732	21.973
1733	20.575
1734	13.271
1735	17.933
1736	12.637
1737	15.502
1738	25.79
1739	23.359
1740	19.859
1741	24.463
1742	24.545
1743	22.114
1744	17.745
1745	14.645
1746	22.361
1747	24.651
1748	24.874
1749	25.097
1750	20.951
1751	23.382
1752	21.421
1753	24.31
1754	26.765
1755	22.654
1756	38.732
1757	43.265
1758	38.45
1759	37.452
1760	23.1
1761	29.43
1762	35.209
1763	36.571
1764	38.203
1765	35.479
1766	44.78
1767	41.116
1768	50.206
1769	42.725
1770	34.704
1771	34.633
1772	27.551
1773	9.442
1774	16.289
1775	15.232
1776	10.898
1777	11.274
1778	10.276
1779	37.17
1780	42.349
1781	42.666
1782	41.632
1783	38.027
1784	27.469
1785	38.321
1786	45.261
1787	43.652
1788	0.94
1789	6.659
1790	30.581
1791	44.956
1792	28.878
1793	31.533
1794	25.637
1795	15.901
1796	15.255
1797	41.715
1798	31.039
1799	30.241
1800	27.61
1801	26.354
1802	28.961
1803	18.755
1804	29.466
1805	23.147
1806	21.609
1807	26.835
1808	22.901
1809	18.614
1810	24.169
1811	27.575
1812	30.84
1813	19.859
1814	19.131
1815	26.412
1816	31.263
1817	13.259
1818	26.906
1819	38.661
1820	40.411
1821	33.682
1822	31.298
1823	40.411
1824	38.814
1825	11.861
1826	30.628
1827	35.185
1828	36.5
1829	29.607
1830	11.932
1831	12.343
1832	10.44
1833	2.466
1834	10.863
1835	23.312
1836	5.719
1837	10.804
1838	6.483
1839	6.894
1840	7.223
1841	4.991
1842	19.753
1843	26.682
1844	30.006
1845	30.628
1846	32.965
1847	31.944
1848	38.379
1849	39.589
1850	43.852
1851	42.607
1852	37.745
1853	36.888
1854	32.836
1855	28.644
1856	19.166
1857	15.408
1858	26.283
1859	36.371
1860	25.849
1861	19.73
1862	37.463
1863	38.015
1864	34.797
1865	28.303
1866	37.898
1867	22.513
1868	35.162
1869	27.035
1870	32.366
1871	36.559
1872	16.583
1873	19.554
1874	41.304
1875	14.046
1876	22.161
1877	28.432
1878	24.439
1879	5.919
1880	23.183
1881	30.699
1882	31.861
1883	31.051
1884	36.23
1885	29.677
1886	15.995
1887	26.436
1888	35.96
1889	36.782
1890	32.531
1891	33.236
1892	41.914
1893	29.184
1894	23.676
1895	31.556
1896	25.743
1897	16.242
1898	10.84
1899	32.261
1900	42.102
1901	43.03
1902	33.236
1903	38.955
1904	40.658
1905	40.904
1906	32.613
1907	40.047
1908	37.804
1909	42.466
1910	30.393
1911	25.766
1912	39.73
1913	38.732
1914	37.745
1915	37.487
1916	38.415
1917	41.539
1918	42.748
1919	17.874
1920	19.413
1921	43.124
1922	37.863
1923	35.502
1924	35.608
1925	39.965
1926	21.973
1927	15.995
1928	30.206
1929	37.041
1930	12.601
1931	28.444
1932	24.04
1933	30.534
1934	4.956
1935	14.187
1936	41.82
1937	38.039
1938	28.444
1939	34.657
1940	11.627
1941	3.124
1942	40.963
1943	40.763
1944	42.22
1945	19.483
1946	10.088
1947	37.968
1948	42.877
1949	35.749
1950	39.624
1951	40.329
1952	33.67
1953	36.77
1954	30.029
1955	35.725
1956	31.685
1957	33.083
1958	40.564
1959	36.853
1960	32.284
1961	31.274
1962	31.732
1963	29.266
1964	36.465
1965	36.265
1966	36.019
1967	35.291
1968	40.352
1969	40.916
1970	34.375
1971	42.701
1972	39.695
1973	38.755
1974	39.342
1975	39.342
1976	33.095
1977	33.118
1978	28.256
1979	35.338
1980	31.944
1981	31.368
1982	33.059
1983	22.607
1984	23.347
1985	32.179
1986	32.014
1987	36.594
1988	28.338
1989	19.824
1990	29.9
1991	26.13
1992	27.093
1993	33.435
1994	32.836
1995	35.937
1996	38.321
1997	44.099
1998	38.391
1999	40.364
2000	39.108
2001	42.114
2002	44.956
2003	33.506
2004	32.531
2005	34.727
2006	40.435
2007	41.151
2008	36.782
2009	39.084
2010	37.369
2011	36.089
2012	37.064
2013	32.601
2014	43.206
2015	20.681
2016	2.76
2017	41.386
2018	47.869
2019	45.344
2020	42.725
2021	46.894
2022	37.452
2023	42.748
2024	44.662
2025	44.486
2026	32.566
2027	36.23
2028	42.372
2029	45.919
2030	47.422
2031	44.909
2032	49.466
2033	42.208
2034	45.073
2035	49.865
2036	47.692
2037	46.036
2038	42.56
2039	43.159
2040	45.179
2041	34.504
2042	33.294
2043	44.063
2044	40.822
2045	36.383
2046	43.735
2047	40.611
2048	45.802
2049	42.325
2050	40.27
2051	35.021
2052	41.492
2053	46.189
2054	37.851
2055	43.77
2056	46.271
2057	38.873
2058	43.277
2059	39.73
2060	41.198
2061	43.605
2062	47.352
2063	40.716
2064	46.471
2065	49.149
2066	45.179
2067	44.545
2068	43.805
2069	43.441
2070	46.365
2071	37.44
2072	37.616
2073	45.12
2074	40.529
2075	43.512
2076	42.361
2077	40.611
2078	37.757
2079	31.333
2080	31.861
2081	39.789
2082	36.148
2083	4.768
2084	31.122
2085	34.938
2086	22.09
2087	36.031
2088	40.376
2089	30.452
2090	41.433
2091	44.615
2092	44.627
2093	39.577
2094	42.196
2095	37.581
2096	37.581
2097	36.442
2098	31.486
2099	9.689
2100	10.969
2101	42.137
2102	43.03
2103	42.184
2104	43.652
2105	36.348
2106	41.809
2107	24.24
2108	45.391
2109	39.295
2110	42.537
2111	39.718
2112	36.9
2113	13.271
2114	23.347
2115	38.873
2116	43.746
2117	42.455
2118	42.184
2119	42.983
2120	35.89
2121	40.082
2122	43.429
2123	33.999
2124	18.544
2125	13.2
2126	21.445
2127	20.047
2128	30.981
2129	38.485
2130	35.279
2131	33.905
2132	42.137
2133	32.965
2134	35.76
2135	28.55
2136	14.821
2137	35.385
2138	35.267
2139	39.178
2140	40.341
2141	19.659
2142	41.586
2143	35.443
2144	46.013
2145	33.13
2146	28.655
2147	33.917
2148	40.529
2149	27.775
2150	21.879
2151	17.757
2152	7.387
2153	23.194
2154	12.343
2155	16.7
2156	20.411
2157	28.092
2158	24.756
2159	21.221
2160	20.622
2161	6.248
2162	12.167
2163	11.321
2164	9.794
2165	8.738
2166	16.841
2167	7.692
2168	26.929
2169	18.99
2170	20.188
2171	18.109
2172	17.628
2173	13.764
2174	12.413
2175	20.376
2176	16.23
2177	22.819
2178	40.329
2179	38.52
2180	35.596
2181	33.576
2182	32.484
2183	22.96
2184	32.813
2185	35.925
2186	22.008
2187	21.914
2188	34.093
2189	34.927
2190	39.014
2191	31.662
2192	19.495
2193	35.725
2194	9.959
2195	14.187
2196	18.027
2197	20.881
2198	27.129
2199	17.205
2200	8.961
2201	12.484
2202	34.621
2203	35.502
2204	36.524
2205	23.23
2206	28.385
2207	35.162
2208	31.732
2209	40.071
2210	21.421
2211	26.177
2212	39.237
2213	39.812
2214	33.189
2215	38.861
2216	38.403
2217	35.678
2218	43.288
2219	35.796
2220	43.958
2221	37.945
2222	31.873
2223	40.904
2224	36.465
2225	16.477
2226	37.874
2227	42.49
2228	39.389
2229	38.109
2230	35.702
2231	37.463
2232	42.537
2233	41.668
2234	42.161
2235	41.221
2236	45.308
2237	43.089
2238	38.567
2239	44.991
2240	44.615
2241	45.884
2242	43.054
2243	40.423
2244	38.462
2245	43.253
2246	38.696
2247	43.018
2248	46.506
2249	32.355
2250	29.771
2251	36.958
2252	35.596
2253	34.75
2254	31.157
2255	37.287
2256	37.182
2257	34.621
2258	30.922
2259	23.993
2260	21.997
2261	30.323
2262	26.354
2263	28.174
2264	21.198
2265	26.894
2266	28.103
2267	43.136
2268	40.54
2269	29.724
2270	35.068
2271	39.225
2272	45.073
2273	45.755
2274	43.993
2275	41.785
2276	43.664
2277	43.629
2278	37.557
2279	44.627
2280	38.156
2281	41.409
2282	41.668
2283	43.488
2284	34.692
2285	42.807
2286	38.086
2287	35.068
2288	37.651
2289	35.96
2290	19.73
2291	23.23
2292	20.059
2293	33.553
2294	32.507
2295	40.576
2296	36.348
2297	28.996
2298	22.572
2299	33.999
2300	41.421
2301	45.367
2302	35.467
2303	24.404
2304	30.628
2305	35.655
2306	31.11
2307	40.388
2308	38.72
2309	39.965
2310	39.859
2311	41.656
2312	43.852
2313	42.619
2314	42.149
2315	27.962
2316	28.691
2317	32.519
2318	42.595
2319	45.297
2320	45.473
2321	40.305
2322	40.834
2323	31.133
2324	33.153
2325	44.803
2326	43.746
2327	44.956
2328	44.099
2329	45.672
2330	44.545
2331	44.909
2332	45.837
2333	40.646
2334	44.005
2335	43.523
2336	39.378
2337	44.486
2338	48.984
2339	41.586
2340	41.597
2341	44.921
2342	45.426
2343	41.644
2344	40.54
2345	47.152
2346	41.515
2347	41.926
2348	43.441
2349	42.466
2350	40.928
2351	34.128
2352	45.132
2353	37.017
2354	43.899
2355	41.304
2356	42.772
2357	44.615
2358	44.592
2359	39.824
2360	18.802
2361	35.596
2362	15.62
2363	8.221
2364	22.537
2365	34.797
2366	31.732
2367	40.951
2368	41.597
2369	46.835
2370	43.946
2371	42.666
2372	41.398
2373	37.921
2374	22.372
2375	26.753
2376	44.956
2377	37.416
2378	22.161
2379	33.435
2380	43.652
2381	39.965
2382	41.139
2383	37.839
2384	40.294
2385	36.958
2386	34.891
2387	35.596
2388	29.36
2389	42.102
2390	39.342
2391	41.914
2392	37.769
2393	36.406
2394	35.317
2395	27.869
2396	19.295
2397	30.617
2398	26.083
2399	21.245
2400	16.876
2401	16.489
2402	22.502
2403	18.743
2404	39.93
2405	39.319
2406	27.352
2407	37.604
2408	41.081
2409	41.01
2410	38.743
2411	45.097
2412	46.87
2413	43.817
2414	46.213
2415	43.077
2416	38.978
2417	38.802
2418	43.735
2419	38.626
2420	38.485
2421	22.584
2422	33.001
2423	26.494
2424	12.472
2425	15.807
2426	24.287
2427	35.749
2428	34.433
2429	40.834
2430	42.255
2431	36.606
2432	39.213
2433	38.426
2434	25.32
2435	19.46
2436	14.938
2437	4.451
2438	19.859
2439	31.556
2440	41.809
2441	37.158
2442	34.304
2443	34.844
2444	44.463
2445	33.975
2446	37.393
2447	43.347
2448	32.907
2449	42.654
2450	33.353
2451	29.266
2452	45.508
2453	31.204
2454	19.107
2455	41.961
2456	35.349
2457	38.767
2458	45.625
2459	37.217
2460	9.278
2461	33.365
2462	46.624
2463	47.058
2464	43.206
2465	40.763
2466	37.217
2467	38.638
2468	38.391
2469	29.607
2470	28.514
2471	30.323
2472	40.059
2473	30.652
2474	34.422
2475	23.805
2476	36.665
2477	25.849
2478	19.307
2479	35.209
2480	42.079
2481	25.731
2482	37.228
2483	37.863
2484	31.427
2485	24.627
2486	32.014
2487	38.215
2488	36.101
2489	33.388
2490	26.401
2491	29.748
2492	39.378
2493	42.948
2494	38.92
2495	33.083
2496	39.871
2497	41.762
2498	45.273
2499	45.813
2500	43.899
2501	29.055
2502	40.118
2503	35.361
2504	39.836
2505	40.258
2506	37.346
2507	40.564
2508	39.072
2509	40.881
2510	46.377
2511	32.554
2512	17.804
2513	36.113
2514	35.913
2515	26.025
2516	34.292
2517	35.984
2518	36.794
2519	38.415
2520	28.726
2521	38.344
2522	43.476
2523	44.451
2524	39.131
2525	38.004
2526	31.497
2527	41.715
2528	44.134
2529	43.817
2530	40.681
2531	38.027
2532	42.689
2533	41.738
2534	39.742
2535	42.995
2536	36.653
2537	38.297
2538	35.69
2539	30.992
2540	38.438
2541	34.152
2542	33.529
2543	40.223
2544	31.697
2545	33.858
2546	39.389
2547	32.719
2548	36.911
2549	35.103
2550	23.206
2551	28.327
2552	29.971
2553	27.904
2554	27.598
2555	32.237
2556	38.25
2557	34.833
2558	38.309
2559	34.457
2560	39.295
2561	43.688
2562	41.55
2563	43.77
2564	42.22
2565	41.891
2566	25.59
2567	27.692
2568	32.167
2569	41.914
2570	46.036
2571	37.193
2572	39.037
2573	45.907
2574	37.322
2575	39.988
2576	33.024
2577	40.141
2578	38.473
2579	36.759
2580	44.686
2581	47.681
2582	45.367
2583	47.411
2584	38.556
2585	38.779
2586	44.522
2587	43.007
2588	43.042
2589	45.144
2590	43.946
2591	43.371
2592	41.797
2593	34.704
2594	44.063
2595	40.352
2596	30.664
2597	41.95
2598	38.25
2599	30.065
2600	42.114
2601	47.986
2602	41.174
2603	48.056
2604	40.904
2605	40.0
2606	39.824
2607	41.867
2608	44.24
2609	45.672
2610	37.499
2611	48.056
2612	43.958
2613	46.436
2614	46.436
2615	37.91
2616	33.881
2617	39.002
2618	44.275
2619	41.116
2620	43.958
2621	43.476
2622	39.941
2623	40.552
2624	41.609
2625	33.917
2626	41.574
2627	41.715
2628	41.997
2629	30.182
2630	26.588
2631	36.007
2632	26.412
2633	30.3
2634	30.934
2635	28.961
2636	35.044
2637	37.839
2638	38.931
2639	38.133
2640	42.795
2641	40.951
2642	24.839
2643	31.063
2644	23.946
2645	30.711
2646	35.831
2647	38.673
2648	39.8
2649	37.898
2650	34.081
2651	30.253
2652	28.514
2653	23.429
2654	19.777
2655	13.517
2656	10.17
2657	26.283
2658	17.088
2659	28.878
2660	21.186
2661	22.971
2662	18.814
2663	16.864
2664	13.318
2665	23.253
2666	11.533
2667	14.386
2668	17.722
2669	13.682
2670	13.012
2671	1.844
2672	9.454
2673	10.945
2674	9.489
2675	6.06
2676	8.315
2677	8.385
2678	2.607
2679	2.126
2680	5.379
2681	8.303
2682	10.945
2683	14.257
2684	14.844
2685	10.159
2686	15.126
2687	9.243
2688	9.665
2689	10.065
2690	9.595
2691	8.056
2692	7.61
2693	8.174
2694	7.645
2695	9.654
2696	11.286
2697	20.552
2698	42.067
2699	30.393
2700	14.774
2701	11.239
2702	37.205
2703	33.881
2704	35.267
2705	40.716
2706	23.946
2707	31.826
2708	42.173
2709	24.134
2710	13.635
2711	18.579
2712	41.081
2713	31.474
2714	18.708
2715	8.843
2716	30.241
2717	23.934
2718	37.91
2719	35.49
2720	32.59
2721	26.213
2722	32.731
2723	36.923
2724	10.534
2725	27.869
2726	43.723
2727	38.873
2728	42.502
2729	45.555
2730	38.603
2731	45.167
2732	47.234
2733	45.555
2734	42.913
2735	46.494
2736	48.62
2737	47.833
2738	46.612
2739	47.152
2740	47.434
2741	44.122
2742	40.305
2743	41.174
2744	34.856
2745	50.135
2746	42.619
2747	35.443
2748	41.139
2749	42.49
2750	43.183
2751	46.518
2752	45.32
2753	44.486
2754	45.719
2755	24.674
2756	29.865
2757	28.479
2758	25.731
2759	40.094
2760	37.827
2761	46.095
2762	40.893
2763	45.531
2764	36.207
2765	39.096
2766	41.527
2767	43.007
2768	46.13
2769	41.679
2770	42.137
2771	43.018
2772	40.763
2773	47.187
2774	43.465
2775	41.163
2776	24.639
2777	25.085
2778	20.564
2779	34.962
2780	35.89
2781	33.87
2782	22.948
2783	25.649
2784	11.38
2785	24.557
2786	18.591
2787	35.021
2788	42.09
2789	25.896
2790	23.629
2791	41.973
2792	39.389
2793	38.368
2794	37.264
2795	21.574
2796	34.21
2797	39.061
2798	33.2
2799	23.241
2800	37.123
2801	25.132
2802	26.354
2803	25.05
2804	37.487
2805	34.868
2806	30.617
2807	40.822
2808	20.599
2809	12.12
2810	32.108
2811	42.748
2812	38.497
2813	38.238
2814	27.528
2815	36.618
2816	30.675
2817	34.938
2818	31.556
2819	31.967
2820	36.289
2821	25.109
2822	27.481
2823	35.796
2824	41.045
2825	47.587
2826	43.758
2827	10.558
2828	33.905
2829	42.689
2830	34.927
2831	26.753
2832	39.061
2833	39.73
2834	33.952
2835	16.994
2836	8.092
2837	14.833
2838	29.372
2839	33.142
2840	35.819
2841	32.566
2842	20.153
2843	21.362
2844	22.466
2845	7.857
2846	19.883
2847	17.499
2848	18.743
2849	20.634
2850	21.562
2851	40.928
2852	27.328
2853	35.643
2854	20.681
2855	19.589
2856	20.059
2857	15.42
2858	28.89
2859	42.795
2860	35.056
2861	35.514
2862	42.49
2863	36.876
2864	37.358
2865	32.073
2866	40.669
2867	42.971
2868	42.419
2869	42.161
2870	43.993
2871	41.644
2872	45.156
2873	40.987
2874	42.278
2875	29.912
2876	41.856
2877	32.93
2878	8.033
2879	20.2
2880	34.762
2881	39.037
2882	42.325
2883	42.678
2884	40.893
2885	43.018
2886	40.082
2887	26.142
2888	21.844
2889	43.5
2890	33.975
2891	39.472
2892	30.17
2893	37.452
2894	39.695
2895	36.312
2896	32.202
2897	28.632
2898	19.577
2899	21.362
2900	27.892
2901	31.709
2902	33.306
2903	32.308
2904	23.159
2905	34.844
2906	33.787
2907	20.129
2908	24.169
2909	31.039
2910	40.118
2911	44.287
2912	16.876
2913	31.803
2914	38.638
2915	42.795
2916	25.602
2917	39.941
2918	43.277
2919	38.285
2920	36.089
2921	23.335
2922	36.759
2923	43.1
2924	32.061
2925	39.26
2926	28.726
2927	27.645
2928	23.735
2929	33.6
2930	32.378
2931	27.434
2932	25.884
2933	18.896
2934	16.594
2935	11.92
2936	7.775
2937	7.739
2938	11.286
2939	26.342
2940	33.306
2941	29.771
2942	17.851
2943	29.665
2944	24.416
2945	27.105
2946	14.175
2947	24.568
2948	14.163
2949	24.322
2950	37.111
2951	28.021
2952	15.831
2953	26.588
2954	37.804
2955	34.88
2956	17.581
2957	31.932
2958	19.401
2959	13.294
2960	11.11
2961	29.842
2962	34.985
2963	33.118
2964	32.002
2965	36.864
2966	36.465
2967	19.554
2968	19.037
2969	21.456
2970	36.935
2971	31.674
2972	38.673
2973	30.217
2974	18.532
2975	12.46
2976	11.568
2977	11.744
2978	22.842
2979	34.915
2980	24.815
2981	37.428
2982	27.164
2983	40.211
2984	39.93
2985	37.557
2986	38.156
2987	30.558
2988	28.796
2989	23.57
2990	19.706
2991	29.008
2992	41.034
2993	39.119
2994	40.305
2995	43.488
2996	41.339
2997	38.755
2998	38.614
2999	42.948
3000	44.298
3001	38.943
3002	36.125
3003	37.91
3004	43.218
3005	42.137
3006	33.588
3007	36.547
3008	34.797
3009	11.216
3010	11.11
3011	8.62
3012	11.603
3013	11.885
3014	27.07
3015	35.96
3016	26.342
3017	24.087
3018	21.844
3019	43.253
3020	44.674
3021	37.992
3022	43.335
3023	42.701
3024	41.362
3025	38.685
3026	29.982
3027	37.628
3028	34.645
3029	41.715
3030	30.053
3031	34.422
3032	35.714
3033	30.91
3034	39.918
3035	27.974
3036	36.265
3037	38.18
3038	37.827
3039	28.914
3040	41.679
3041	30.194
3042	23.1
3043	42.807
3044	41.891
3045	19.272
3046	35.76
3047	43.277
3048	38.403
3049	44.522
3050	34.762
3051	35.502
3052	38.191
3053	36.641
3054	23.241
3055	27.516
3056	37.358
3057	36.23
3058	17.499
3059	12.425
3060	1.562
3061	8.186
3062	24.228
3063	19.166
3064	16.571
3065	28.796
3066	22.783
3067	27.563
3068	11.838
3069	30.358
3070	41.527
3071	27.798
3072	34.645
3073	33.811
3074	24.334
3075	33.506
3076	23.171
3077	17.827
3078	15.314
3079	8.961
3080	14.175
3081	20.024
3082	5.989
3083	15.643
3084	38.285
3085	35.514
3086	11.58
3087	7.105
3088	20.893
3089	11.791
3090	31.838
3091	38.262
3092	41.28
3093	29.43
3094	32.507
3095	34.422
3096	35.173
3097	40.106
3098	32.86
3099	40.611
3100	38.591
3101	39.248
3102	26.189
3103	36.9
3104	36.207
3105	43.054
3106	38.955
3107	31.192
3108	35.749
3109	38.462
3110	39.742
3111	44.228
3112	33.259
3113	40.81
3114	41.668
3115	41.304
3116	25.661
3117	34.621
3118	36.136
3119	25.59
3120	22.537
3121	28.28
3122	16.348
3123	27.81
3124	39.671
3125	43.523
3126	43.899
3127	39.554
3128	38.861
3129	38.544
3130	35.173
3131	39.014
3132	24.31
3133	28.655
3134	34.75
3135	15.537
3136	8.444
3137	35.185
3138	42.032
3139	20.364
3140	35.96
3141	29.407
3142	26.083
3143	35.079
3144	27.998
3145	26.929
3146	24.627
3147	22.56
3148	37.24
3149	40.987
3150	32.977
3151	28.162
3152	28.996
3153	32.202
3154	21.562
3155	36.113
3156	34.974
3157	40.024
3158	39.918
3159	37.052
3160	35.667
3161	39.307
3162	41.21
3163	37.416
3164	43.335
3165	42.278
3166	42.83
3167	36.782
3168	29.243
3169	41.82
3170	44.568
3171	38.779
3172	38.051
3173	41.339
3174	46.941
3175	45.485
3176	41.797
3177	28.456
3178	32.179
3179	27.657
3180	40.411
3181	39.166
3182	43.617
3183	41.55
3184	39.777
3185	30.558
3186	40.822
3187	42.689
3188	37.111
3189	37.334
3190	33.236
3191	33.975
3192	35.197
3193	38.473
3194	38.426
3195	30.311
3196	36.888
3197	38.65
3198	35.596
3199	40.564
3200	36.242
3201	45.661
3202	47.011
3203	46.248
3204	40.94
3205	34.48
3206	34.786
3207	35.89
3208	42.419
3209	25.508
3210	9.665
3211	45.261
3212	47.998
3213	47.058
3214	47.986
3215	36.817
3216	23.359
3217	42.29
3218	45.52
3219	43.887
3220	39.577
3221	37.17
3222	32.19
3223	36.97
3224	30.64
3225	30.593
3226	31.92
3227	35.901
3228	34.445
3229	37.264
3230	40.035
3231	45.144
3232	33.975
3233	38.685
3234	29.254
3235	37.334
3236	33.459
3237	24.803
3238	20.81
3239	36.465
3240	11.356
3241	29.63
3242	33.059
3243	20.012
3244	29.489
3245	43.312
3246	24.709
3247	42.408
3248	39.319
3249	28.256
3250	26.189
3251	38.18
3252	41.48
3253	32.002
3254	41.022
3255	37.358
3256	31.638
3257	38.285
3258	44.228
3259	41.057
3260	42.854
3261	44.815
3262	18.602
3263	43.958
3264	43.418
3265	45.578
3266	43.206
3267	43.641
3268	40.916
3269	44.78
3270	46.201
3271	40.129
3272	43.382
3273	36.77
3274	44.334
3275	40.716
3276	43.371
3277	42.549
3278	42.114
3279	35.913
3280	34.21
3281	38.814
3282	34.422
3283	34.069
3284	29.677
3285	20.258
3286	35.279
3287	41.409
3288	22.419
3289	6.753
3290	11.38
3291	16.477
3292	7.093
3293	8.855
3294	11.462
3295	7.035
3296	16.723
3297	15.021
3298	8.937
3299	24.369
3300	32.766
3301	38.403
3302	42.689
3303	31.145
3304	30.382
3305	37.933
3306	27.434
3307	39.319
3308	28.244
3309	37.311
3310	37.64
3311	38.955
3312	38.297
3313	38.415
3314	41.985
3315	37.992
3316	37.088
3317	34.034
3318	35.561
3319	44.24
3320	42.278
3321	43.758
3322	35.42
3323	41.386
3324	38.227
3325	41.809
3326	41.21
3327	46.87
3328	43.594
3329	42.161
3330	39.93
3331	44.005
3332	43.23
3333	38.203
3334	42.455
3335	38.896
3336	38.191
3337	40.834
3338	39.143
3339	36.512
3340	39.413
3341	42.255
3342	43.512
3343	43.934
3344	34.645
3345	40.071
3346	41.867
3347	38.755
3348	36.019
3349	41.034
3350	34.21
3351	32.637
3352	32.249
3353	45.12
3354	27.199
3355	38.25
3356	37.158
3357	40.341
3358	43.582
3359	33.987
3360	36.747
3361	44.651
3362	32.848
3363	36.359
3364	30.358
3365	20.916
3366	32.273
3367	39.918
3368	33.741
3369	42.055
3370	32.637
3371	42.149
3372	43.946
3373	43.1
3374	40.012
3375	38.415
3376	45.344
3377	45.297
3378	27.058
3379	41.562
3380	42.478
3381	29.207
3382	39.988
3383	38.145
3384	26.013
3385	32.93
3386	31.568
3387	31.932
3388	25.672
3389	32.402
3390	43.241
3391	42.196
3392	40.317
3393	33.153
3394	23.241
3395	14.011
3396	23.441
3397	35.749
3398	20.74
3399	28.738
3400	39.53
3401	33.153
3402	43.652
3403	41.257
3404	40.552
3405	45.755
3406	42.678
3407	42.079
3408	32.484
3409	33.024
3410	30.429
3411	40.141
3412	27.681
3413	27.422
3414	32.554
3415	44.897
3416	44.792
3417	35.76
3418	37.945
3419	43.641
3420	40.904
3421	42.783
3422	38.274
3423	43.946
3424	41.233
3425	43.84
3426	45.25
3427	44.298
3428	34.234
3429	35.044
3430	41.515
3431	41.292
3432	34.856
3433	36.794
3434	34.21
3435	31.497
3436	24.968
3437	37.182
3438	40.035
3439	42.231
3440	46.295
3441	45.543
3442	43.758
3443	39.389
3444	36.817
3445	26.706
3446	46.26
3447	44.275
3448	34.692
3449	44.768
3450	40.681
3451	37.722
3452	25.508
3453	32.308
3454	28.878
3455	46.976
3456	43.512
3457	35.021
3458	12.026
3459	27.422
3460	30.687
3461	36.418
3462	35.115
3463	38.051
3464	34.61
3465	40.27
3466	20.094
3467	6.283
3468	40.435
3469	39.73
3470	38.426
3471	37.287
3472	41.726
3473	43.371
3474	32.437
3475	39.401
3476	42.184
3477	43.241
3478	39.777
3479	42.572
3480	33.94
3481	33.083
3482	34.48
3483	29.724
3484	26.635
3485	38.732
3486	35.314
3487	38.884
3488	31.392
3489	25.931
3490	38.52
3491	39.495
3492	38.145
3493	39.26
3494	33.494
3495	33.13
3496	30.945
3497	29.912
3498	36.477
3499	17.099
3500	21.139
3501	22.231
3502	29.125
3503	33.529
3504	24.11
3505	44.78
3506	36.172
3507	11.486
3508	25.52
3509	40.822
3510	39.295
3511	40.247
3512	27.41
3513	24.827
3514	26.26
3515	39.988
3516	38.285
3517	33.67
3518	16.289
3519	24.521
3520	36.019
3521	23.899
3522	22.548
3523	19.671
3524	23.476
3525	30.84
3526	37.804
3527	42.408
3528	28.55
3529	28.902
3530	18.156
3531	39.201
3532	35.89
3533	31.415
3534	41.022
3535	39.977
3536	43.159
3537	25.426
3538	19.765
3539	24.721
3540	40.646
3541	31.298
3542	18.79
3543	17.933
3544	19.366
3545	22.525
3546	4.85
3547	14.563
3548	17.029
3549	26.909
3550	33.4
3551	32.085
3552	31.791
3553	29.337
3554	29.266
3555	40.846
3556	25.367
3557	17.252
3558	17.405
3559	11.439
3560	21.48
3561	16.524
3562	16.277
3563	32.108
3564	31.838
3565	29.63
3566	25.614
3567	19.483
3568	16.218
3569	13.752
3570	41.586
3571	21.55
3572	20.024
3573	44.005
3574	45.825
3575	36.383
3576	41.703
3577	46.448
3578	43.876
3579	39.648
3580	37.792
3581	39.401
3582	44.334
3583	45.79
3584	40.024
3585	39.108
3586	46.694
3587	43.664
3588	38.133
3589	14.257
3590	37.71
3591	43.347
3592	41.797
3593	43.124
3594	40.294
3595	42.208
3596	33.752
3597	43.617
3598	29.477
3599	16.806
