1	12.901
2	29.795
3	27.904
4	30.17
5	40.176
6	43.641
7	41.503
8	44.815
9	40.963
10	37.358
11	39.918
12	40.059
13	34.222
14	34.269
15	41.174
16	45.261
17	38.673
18	36.195
19	41.409
20	32.625
21	38.931
22	50.311
23	47.27
24	46.565
25	46.612
26	44.439
27	41.081
28	31.721
29	33.787
30	33.224
31	34.445
32	35.96
33	25.954
34	33.741
35	38.884
36	31.932
37	32.895
38	37.933
39	35.854
40	31.967
41	31.709
42	41.456
43	33.658
44	43.746
45	39.519
46	39.389
47	44.099
48	38.438
49	40.352
50	45.79
51	40.681
52	39.002
53	39.413
54	40.963
55	35.032
56	30.018
57	40.505
58	42.842
59	43.394
60	41.938
61	43.641
62	42.595
63	43.57
64	37.123
65	45.508
66	43.664
67	41.116
68	42.889
69	40.341
70	47.634
71	47.093
72	48.738
73	37.005
74	27.528
75	36.536
76	40.423
77	21.562
78	28.796
79	35.044
80	27.234
81	30.029
82	29.947
83	31.556
84	35.667
85	44.909
86	35.608
87	17.569
88	31.122
89	32.331
90	40.047
91	37.51
92	38.285
93	31.685
94	37.487
95	41.268
96	39.636
97	45.508
98	32.778
99	31.932
100	34.058
101	29.066
102	29.724
103	30.934
104	34.046
105	37.616
106	32.261
107	42.56
108	43.159
109	29.43
110	21.151
111	22.619
112	32.954
113	37.499
114	26.201
115	29.36
116	34.011
117	28.444
118	29.888
119	31.955
120	26.776
121	25.402
122	21.233
123	15.255
124	15.831
125	19.601
126	18.638
127	26.659
128	31.474
129	30.217
130	31.556
131	23.453
132	20.211
133	17.369
134	31.333
135	40.928
136	40.881
137	25.226
138	40.211
139	24.322
140	13.165
141	15.197
142	16.078
143	32.132
144	40.775
145	29.947
146	34.657
147	30.229
148	37.182
149	30.781
150	44.78
151	35.807
152	36.547
153	32.249
154	39.777
155	44.721
156	26.26
157	43.723
158	43.418
159	38.567
160	32.918
161	41.597
162	42.231
163	42.443
164	25.543
165	29.137
166	42.478
167	37.64
168	43.194
169	44.404
170	44.416
171	42.231
172	22.455
173	47.211
174	45.978
175	42.584
176	42.56
177	45.872
178	44.604
179	39.307
180	41.045
181	41.515
182	29.877
183	28.315
184	46.812
185	43.805
186	39.401
187	39.906
188	45.743
189	45.109
190	46.635
191	45.214
192	35.361
193	41.351
194	43.688
195	41.75
196	46.142
197	42.889
198	34.927
199	44.028
200	42.995
201	33.106
202	31.403
203	38.473
204	38.344
205	32.719
206	38.086
207	41.527
208	42.419
209	44.228
210	34.903
211	45.156
212	38.391
213	37.581
214	43.664
215	40.082
216	34.962
217	27.61
218	35.866
219	39.366
220	27.587
221	29.971
222	29.501
223	35.596
224	37.722
225	38.297
226	24.263
227	36.289
228	33.482
229	40.388
230	33.282
231	50.581
232	41.081
233	35.138
234	46.862
235	38.978
236	37.076
237	41.139
238	40.658
239	27.962
240	42.102
241	33.858
242	31.18
243	47.258
244	40.869
245	34.962
246	40.106
247	43.817
248	40.705
249	39.072
250	42.208
251	42.842
252	33.001
253	46.765
254	40.235
255	47.775
256	44.886
257	38.52
258	43.641
259	38.262
260	41.304
261	36.583
262	41.574
263	37.663
264	42.408
265	36.277
266	37.358
267	31.685
268	37.381
269	24.428
270	29.83
271	31.697
272	36.5
273	31.591
274	36.16
275	31.251
276	28.714
277	30.617
278	36.395
279	45.966
280	43.652
281	41.233
282	40.987
283	42.173
284	36.442
285	39.659
286	34.927
287	43.23
288	39.601
289	40.399
290	44.745
291	45.438
292	44.827
293	39.519
294	46.248
295	40.552
296	43.1
297	45.578
298	42.76
299	39.342
300	49.806
301	47.751
302	40.352
303	45.461
304	43.453
305	27.54
306	29.888
307	16.113
308	24.251
309	42.314
310	44.615
311	38.779
312	46.577
313	44.721
314	44.31
315	40.963
316	39.108
317	40.54
318	49.09
319	39.002
320	38.696
321	41.092
322	42.584
323	45.661
324	47.387
325	45.884
326	44.157
327	38.379
328	45.214
329	45.179
330	44.557
331	42.396
332	45.672
333	45.085
334	42.877
335	44.803
336	27.657
337	19.577
338	13.647
339	21.48
340	18.062
341	18.649
342	30.076
343	31.697
344	29.395
345	21.386
346	37.792
347	43.453
348	39.977
349	42.713
350	48.89
351	43.512
352	45.12
353	43.1
354	48.256
355	42.278
356	35.22
357	41.198
358	41.656
359	44.404
360	38.45
361	45.308
362	41.362
363	30.311
364	42.137
365	43.852
366	47.504
367	44.075
368	46.459
369	45.156
370	45.426
371	48.655
372	47.129
373	44.275
374	41.621
375	41.116
376	45.543
377	36.254
378	39.659
379	44.98
380	45.872
381	46.999
382	47.998
383	37.146
384	48.479
385	52.202
386	45.438
387	32.954
388	39.401
389	38.426
390	35.138
391	36.254
392	46.072
393	37.041
394	26.541
395	25.391
396	36.5
397	36.289
398	38.476
399	41.632
400	42.49
401	33.999
402	44.369
403	45.602
404	40.493
405	49.137
406	46.588
407	44.298
408	44.745
409	44.956
410	43.981
411	39.131
412	44.686
413	37.487
414	43.288
415	44.157
416	44.58
417	42.642
418	46.083
419	38.415
420	41.362
421	40.082
422	33.106
423	34.292
424	44.862
425	40.411
426	40.916
427	38.215
428	38.708
429	37.71
430	21.703
431	40.317
432	40.646
433	43.629
434	35.361
435	37.616
436	42.736
437	45.555
438	45.508
439	39.519
440	39.589
441	45.825
442	44.592
443	43.582
444	43.476
445	38.732
446	31.721
447	32.366
448	34.985
449	48.244
450	43.147
451	27.81
452	29.83
453	37.393
454	34.175
455	39.472
456	37.358
457	36.195
458	41.139
459	43.394
460	35.338
461	46.354
462	41.362
463	42.255
464	43.441
465	46.612
466	40.857
467	44.005
468	46.06
469	43.535
470	42.196
471	39.096
472	38.755
473	36.23
474	41.95
475	40.834
476	40.2
477	36.677
478	42.478
479	41.386
480	26.013
481	21.738
482	27.528
483	22.819
484	30.053
485	18.532
486	39.777
487	34.21
488	38.849
489	40.763
490	40.035
491	38.638
492	39.131
493	40.846
494	34.257
495	40.211
496	37.628
497	43.735
498	42.349
499	40.164
500	41.315
501	39.519
502	44.357
503	42.137
504	38.591
505	47.622
506	42.642
507	36.782
508	32.895
509	39.695
510	35.22
511	29.536
512	27.786
513	40.106
514	40.846
515	36.512
516	37.945
517	33.517
518	30.323
519	18.837
520	27.798
521	26.107
522	41.127
523	33.834
524	37.17
525	34.903
526	24.627
527	44.334
528	31.685
529	43.899
530	38.685
531	36.5
532	37.745
533	31.556
534	33.236
535	39.166
536	34.105
537	36.359
538	37.628
539	37.322
540	35.62
541	35.796
542	41.092
543	35.831
544	38.133
545	38.145
546	28.597
547	32.954
548	26.553
549	43.711
550	42.137
551	38.826
552	41.961
553	40.576
554	43.899
555	42.924
556	40.916
557	46.436
558	44.357
559	40.482
560	40.622
561	35.631
562	35.443
563	38.285
564	31.932
565	40.799
566	39.859
567	39.178
568	38.344
569	39.93
570	30.828
571	41.738
572	40.141
573	40.129
574	35.796
575	38.145
576	36.218
577	38.379
578	38.473
579	41.257
580	39.495
581	38.52
582	38.332
583	36.054
584	34.68
585	36.254
586	38.767
587	37.792
588	41.198
589	36.207
590	38.532
591	35.079
592	40.294
593	39.131
594	31.392
595	31.098
596	20.446
597	20.763
598	36.442
599	28.526
600	42.549
601	35.009
602	35.737
603	35.173
604	37.029
605	34.95
606	39.46
607	36.794
608	39.671
609	42.419
610	40.458
611	38.285
612	39.73
613	30.922
614	33.177
615	31.039
616	34.469
617	40.282
618	30.734
619	33.212
620	34.48
621	39.542
622	37.299
623	39.659
624	38.955
625	41.726
626	38.743
627	31.333
628	38.356
629	37.616
630	36.113
631	33.447
632	42.807
633	43.042
634	44.615
635	44.674
636	43.171
637	44.756
638	44.087
639	41.292
640	40.669
641	45.438
642	47.411
643	42.443
644	46.436
645	41.597
646	42.584
647	42.795
648	43.429
649	40.951
650	38.92
651	36.747
652	37.041
653	39.178
654	47.27
655	42.102
656	50.088
657	42.184
658	40.294
659	21.151
660	31.826
661	45.026
662	46.835
663	43.512
664	41.48
665	40.482
666	30.628
667	41.656
668	36.947
669	40.164
670	31.885
671	35.573
672	29.783
673	37.405
674	37.733
675	43.418
676	41.409
677	38.802
678	41.797
679	41.456
680	37.088
681	33.917
682	26.929
683	19.589
684	24.345
685	33.858
686	36.653
687	38.332
688	36.23
689	37.088
690	38.415
691	37.804
692	38.168
693	44.78
694	44.85
695	32.214
696	29.337
697	39.366
698	44.298
699	47.551
700	46.553
701	47.88
702	48.421
703	46.624
704	46.506
705	41.668
706	40.881
707	43.382
708	38.274
709	44.357
710	41.82
711	42.983
712	40.857
713	45.308
714	43.829
715	43.007
716	47.317
717	39.988
718	48.914
719	44.486
720	38.368
721	38.027
722	28.456
723	39.859
724	40.141
725	36.43
726	36.7
727	52.366
728	44.075
729	44.51
730	48.021
731	45.297
732	42.748
733	47.446
734	47.833
735	48.045
736	44.193
737	48.045
738	50.534
739	47.939
740	47.105
741	45.426
742	41.186
743	25.907
744	45.625
745	45.672
746	49.278
747	44.475
748	46.671
749	44.557
750	45.203
751	38.227
752	41.022
753	47.469
754	48.62
755	39.495
756	33.87
757	45.144
758	44.322
759	47.293
760	43.418
761	52.343
762	44.404
763	35.76
764	43.934
765	45.661
766	44.991
767	41.997
768	41.245
769	45.637
770	43.312
771	40.904
772	44.369
773	43.758
774	42.09
775	48.82
776	44.627
777	45.52
778	43.699
779	44.287
780	46.142
781	47.34
782	47.657
783	47.481
784	50.088
785	49.09
786	42.243
787	42.184
788	36.583
789	25.696
790	35.584
791	48.068
792	46.541
793	47.375
794	40.987
795	45.238
796	45.766
797	45.038
798	47.786
799	48.62
800	48.456
801	46.729
802	48.268
803	50.546
804	47.317
805	47.399
806	43.23
807	41.398
808	42.948
809	40.963
810	31.944
811	26.025
812	34.093
813	28.15
814	29.842
815	28.385
816	36.125
817	27.728
818	43.993
819	40.305
820	34.668
821	48.233
822	38.321
823	39.918
824	43.429
825	31.11
826	35.631
827	33.224
828	35.772
829	41.515
830	36.442
831	35.209
832	40.211
833	38.92
834	33.811
835	39.166
836	38.25
837	34.363
838	40.294
839	39.084
840	36.606
841	42.619
842	43.065
843	43.23
844	47.54
845	40.376
846	33.541
847	19.166
848	44.709
849	42.337
850	40.106
851	37.193
852	37.416
853	40.869
854	35.162
855	38.262
856	43.218
857	36.723
858	31.368
859	43.042
860	43.159
861	42.502
862	36.512
863	42.126
864	43.887
865	35.831
866	46.213
867	36.43
868	42.267
869	35.819
870	43.911
871	41.797
872	40.763
873	41.55
874	39.765
875	47.258
876	30.664
877	27.939
878	35.291
879	39.847
880	31.521
881	31.709
882	41.891
883	37.252
884	45.79
885	39.765
886	45.085
887	38.896
888	40.869
889	46.33
890	42.126
891	38.696
892	33.47
893	26.401
894	31.979
895	39.659
896	32.836
897	42.502
898	45.79
899	44.674
900	35.396
901	34.281
902	42.302
903	40.552
904	39.143
905	37.628
906	37.44
907	42.842
908	40.846
909	42.666
910	44.568
911	39.342
912	30.534
913	34.116
914	37.452
915	32.719
916	41.762
917	40.517
918	38.285
919	42.713
920	36.371
921	29.818
922	27.046
923	44.533
924	46.448
925	44.709
926	41.48
927	36.747
928	46.894
929	51.298
930	44.381
931	41.903
932	44.04
933	45.907
934	46.635
935	42.055
936	49.078
937	44.122
938	41.738
939	42.361
940	43.5
941	38.391
942	45.59
943	43.03
944	42.067
945	39.354
946	38.591
947	33.635
948	36.218
949	50.429
950	45.426
951	44.98
952	32.778
953	36.383
954	40.928
955	43.465
956	25.696
957	21.151
958	29.56
959	21.163
960	33.928
961	31.028
962	49.348
963	36.747
964	36.982
965	28.902
966	41.116
967	34.985
968	45.696
969	39.425
970	32.519
971	44.087
972	35.749
973	42.314
974	42.032
975	35.643
976	30.217
977	18.168
978	10.734
979	25.179
980	32.507
981	37.393
982	38.755
983	36.841
984	29.113
985	43.159
986	46.377
987	40.834
988	38.121
989	39.695
990	36.348
991	42.173
992	46.859
993	47.587
994	46.307
995	44.709
996	40.035
997	40.599
998	40.399
999	42.008
1000	33.588
1001	41.82
1002	40.904
1003	39.836
1004	36.712
1005	39.988
1006	40.658
1007	41.48
1008	34.974
1009	39.413
1010	35.772
1011	31.732
1012	20.693
1013	28.115
1014	29.489
1015	39.906
1016	32.331
1017	33.189
1018	43.664
1019	35.89
1020	37.593
1021	42.361
1022	44.933
1023	43.746
1024	37.381
1025	44.275
1026	34.504
1027	48.139
1028	43.359
1029	41.292
1030	37.78
1031	16.371
1032	24.604
1033	32.907
1034	28.056
1035	37.322
1036	46.812
1037	39.624
1038	39.342
1039	50.041
1040	42.819
1041	41.116
1042	45.731
1043	45.015
1044	45.813
1045	40.176
1046	48.209
1047	33.846
1048	30.617
1049	47.281
1050	45.543
1051	47.07
1052	23.923
1053	31.016
1054	39.46
1055	46.142
1056	47.199
1057	45.332
1058	44.392
1059	46.53
1060	46.647
1061	47.469
1062	44.721
1063	31.861
1064	31.65
1065	30.581
1066	29.56
1067	33.423
1068	41.292
1069	25.367
1070	31.932
1071	31.955
1072	29.055
1073	34.868
1074	43.746
1075	47.763
1076	40.446
1077	48.761
1078	32.167
1079	45.778
1080	39.248
1081	42.443
1082	41.374
1083	45.825
1084	42.619
1085	38.708
1086	48.702
1087	43.664
1088	37.839
1089	44.956
1090	32.578
1091	45.32
1092	42.866
1093	46.436
1094	45.508
1095	43.065
1096	48.268
1097	52.085
1098	43.394
1099	37.569
1100	48.667
1101	49.172
1102	48.503
1103	45.684
1104	42.642
1105	40.987
1106	49.806
1107	37.252
1108	40.118
1109	38.074
1110	40.81
1111	38.873
1112	24.51
1113	32.813
1114	41.163
1115	33.658
1116	33.071
1117	31.169
1118	44.897
1119	26.083
1120	28.608
1121	33.388
1122	29.137
1123	47.34
1124	46.659
1125	45.696
1126	43.934
1127	44.017
1128	47.093
1129	44.146
1130	46.036
1131	38.65
1132	44.615
1133	42.713
1134	39.483
1135	42.161
1136	41.398
1137	44.862
1138	43.147
1139	41.48
1140	28.139
1141	33.881
1142	39.519
1143	41.057
1144	36.5
1145	36.571
1146	25.097
1147	9.888
1148	33.741
1149	45.637
1150	43.97
1151	35.714
1152	25.837
1153	46.588
1154	33.341
1155	36.007
1156	48.902
1157	45.038
1158	36.982
1159	40.012
1160	42.971
1161	49.243
1162	45.344
1163	47.728
1164	45.825
1165	40.188
1166	48.644
1167	43.194
1168	44.04
1169	44.991
1170	44.204
1171	29.912
1172	25.578
1173	15.032
1174	43.112
1175	42.666
1176	40.728
1177	35.643
1178	48.092
1179	44.51
1180	39.002
1181	47.563
1182	42.255
1183	28.526
1184	35.537
1185	26.976
1186	25.837
1187	42.478
1188	40.705
1189	41.28
1190	38.814
1191	45.073
1192	41.022
1193	44.604
1194	37.546
1195	46.847
1196	42.067
1197	48.268
1198	45.731
1199	40.893
1200	41.127
1201	42.455
1202	40.305
1203	39.413
1204	34.527
1205	43.429
1206	43.253
1207	34.563
1208	36.853
1209	43.817
1210	46.224
1211	40.904
1212	38.579
1213	40.916
1214	42.631
1215	45.884
1216	39.695
1217	42.96
1218	48.585
1219	47.974
1220	47.152
1221	43.453
1222	46.999
1223	44.451
1224	44.803
1225	41.527
1226	47.845
1227	42.666
1228	35.796
1229	36.888
1230	35.737
1231	38.203
1232	43.876
1233	39.601
1234	42.443
1235	34.093
1236	31.075
1237	25.297
1238	32.19
1239	40.893
1240	38.379
1241	43.394
1242	43.007
1243	39.119
1244	32.672
1245	36.254
1246	41.844
1247	39.213
1248	39.154
1249	35.631
1250	39.965
1251	35.115
1252	37.405
1253	36.453
1254	37.275
1255	42.196
1256	45.379
1257	45.813
1258	4.275
1259	17.874
1260	44.522
1261	39.789
1262	35.948
1263	19.295
1264	23.147
1265	29.748
1266	41.374
1267	46.506
1268	37.675
1269	40.423
1270	43.054
1271	23.488
1272	46.6
1273	44.146
1274	42.455
1275	45.026
1276	36.677
1277	37.452
1278	46.624
1279	38.99
1280	38.837
1281	42.408
1282	40.552
1283	43.934
1284	39.554
1285	41.961
1286	44.263
1287	41.562
1288	45.191
1289	38.532
1290	39.659
1291	39.366
1292	32.425
1293	45.931
1294	11.662
1295	42.736
1296	45.884
1297	43.594
1298	43.476
1299	43.887
1300	42.854
1301	47.763
1302	47.974
1303	36.876
1304	41.081
1305	39.342
1306	37.874
1307	40.951
1308	43.981
1309	39.847
1310	46.295
1311	44.874
1312	42.513
1313	48.456
1314	39.941
1315	38.027
1316	24.028
1317	51.615
1318	32.167
1319	46.001
1320	41.738
1321	44.662
1322	47.234
1323	46.025
1324	33.212
1325	43.429
1326	42.055
1327	46.53
1328	45.344
1329	37.921
1330	48.503
1331	30.992
1332	47.798
1333	41.903
1334	44.005
1335	41.034
1336	36.688
1337	39.014
1338	44.134
1339	28.503
1340	43.3
1341	40.857
1342	39.483
1343	42.349
1344	41.832
1345	43.253
1346	40.846
1347	16.277
1348	25.625
1349	20.752
1350	44.146
1351	45.708
1352	34.551
1353	32.46
1354	22.983
1355	31.321
1356	35.608
1357	37.593
1358	38.978
1359	34.339
1360	35.173
1361	35.009
1362	19.201
1363	41.903
1364	39.472
1365	41.679
1366	41.797
1367	36.911
1368	41.762
1369	46.025
1370	19.53
1371	45.109
1372	46.236
1373	42.96
1374	38.743
1375	37.945
1376	36.947
1377	39.26
1378	43.641
1379	44.545
1380	44.146
1381	37.452
1382	43.3
1383	37.111
1384	48.855
1385	44.475
1386	33.635
1387	34.786
1388	43.23
1389	36.853
1390	40.423
1391	44.651
1392	47.927
1393	38.426
1394	40.106
1395	43.335
1396	40.904
1397	38.109
1398	37.005
1399	44.428
1400	37.24
1401	45.461
1402	42.513
1403	44.017
1404	44.052
1405	22.877
1406	49.818
1407	45.097
1408	40.505
1409	46.001
1410	44.193
1411	37.088
1412	46.448
1413	41.386
1414	44.651
1415	41.856
1416	40.987
1417	45.555
1418	43.876
1419	39.53
1420	28.702
1421	32.132
1422	36.289
1423	42.889
1424	44.815
1425	42.877
1426	38.25
1427	41.092
1428	43.03
1429	42.102
1430	47.187
1431	36.125
1432	42.149
1433	45.132
1434	34.927
1435	40.329
1436	43.007
1437	40.317
1438	45.214
1439	45.755
1440	35.69
1441	21.773
1442	30.37
1443	14.891
1444	15.89
1445	21.82
1446	25.907
1447	9.348
1448	36.77
1449	27.833
1450	32.261
1451	34.574
1452	38.92
1453	43.1
1454	25.344
1455	27.023
1456	43.605
1457	39.507
1458	44.392
1459	42.654
1460	39.319
1461	30.241
1462	31.368
1463	38.332
1464	33.917
1465	35.631
1466	38.344
1467	40.669
1468	38.837
1469	34.457
1470	37.874
1471	37.287
1472	38.661
1473	25.261
1474	33.717
1475	31.838
1476	4.909
1477	20.658
1478	45.015
1479	31.756
1480	30.405
1481	23.84
1482	15.702
1483	13.6
1484	17.98
1485	32.637
1486	27.622
1487	20.951
1488	19.143
1489	16.171
1490	17.51
1491	15.713
1492	23.605
1493	35.091
1494	37.968
1495	35.995
1496	21.315
1497	12.942
1498	11.509
1499	16.136
1500	28.056
1501	42.173
1502	17.217
1503	28.89
1504	36.864
1505	39.072
1506	26.659
1507	16.829
1508	17.228
1509	19.542
1510	18.837
1511	16.63
1512	16.195
1513	17.534
1514	18.79
1515	17.886
1516	19.284
1517	15.244
1518	14.88
1519	18.826
1520	16.453
1521	18.567
1522	20.0
1523	35.584
1524	36.876
1525	31.392
1526	34.328
1527	40.951
1528	35.89
1529	39.953
1530	35.749
1531	40.047
1532	35.115
1533	18.814
1534	18.696
1535	21.679
1536	21.856
1537	20.529
1538	21.879
1539	37.616
1540	40.106
1541	41.21
1542	41.304
1543	27.798
1544	24.991
1545	33.142
1546	30.417
1547	19.483
1548	20.364
1549	18.144
1550	28.749
1551	24.005
1552	28.503
1553	34.75
1554	33.67
1555	39.178
1556	35.443
1557	24.193
1558	35.772
1559	20.423
1560	33.189
1561	35.714
1562	22.595
1563	24.193
1564	38.767
1565	41.715
1566	38.603
1567	36.864
1568	30.851
1569	34.715
1570	33.271
1571	36.524
1572	39.8
1573	37.499
1574	32.214
1575	37.346
1576	33.658
1577	33.036
1578	25.755
1579	30.652
1580	34.386
1581	30.57
1582	42.842
1583	40.834
1584	36.113
1585	32.613
1586	27.622
1587	22.22
1588	26.941
1589	36.395
1590	33.564
1591	29.853
1592	37.745
1593	33.588
1594	28.843
1595	32.214
1596	32.719
1597	35.479
1598	31.991
1599	26.424
1600	30.558
1601	41.163
1602	44.58
1603	37.123
1604	43.147
1605	37.839
1606	38.109
1607	30.793
1608	24.075
1609	14.927
1610	25.191
1611	5.802
1612	34.304
1613	29.912
1614	18.203
1615	26.635
1616	29.313
1617	38.544
1618	29.947
1619	30.029
1620	25.708
1621	30.241
1622	38.837
1623	37.346
1624	33.87
1625	31.18
1626	28.949
1627	23.112
1628	18.826
1629	17.839
1630	14.833
1631	16.089
1632	16.7
1633	16.641
1634	29.982
1635	34.903
1636	31.321
1637	23.511
1638	24.474
1639	29.113
1640	38.779
1641	31.697
1642	35.115
1643	36.172
1644	37.405
1645	35.866
1646	33.459
1647	32.413
1648	15.807
1649	17.146
1650	19.072
1651	24.557
1652	20.129
1653	16.864
1654	15.702
1655	12.648
1656	13.541
1657	13.494
1658	9.113
1659	10.429
1660	21.433
1661	13.321
1662	25.214
1663	13.611
1664	12.66
1665	31.298
1666	43.1
1667	40.54
1668	35.702
1669	40.646
1670	42.372
1671	29.912
1672	36.77
1673	35.796
1674	38.603
1675	41.221
1676	39.566
1677	35.197
1678	40.364
1679	37.393
1680	34.88
1681	33.2
1682	35.76
1683	38.967
1684	35.843
1685	33.611
1686	34.41
1687	32.002
1688	25.285
1689	39.037
1690	33.588
1691	33.741
1692	29.419
1693	33.024
1694	32.249
1695	41.034
1696	41.938
1697	39.812
1698	40.106
1699	34.116
1700	27.035
1701	33.294
1702	33.494
1703	29.771
1704	33.224
1705	43.312
1706	43.089
1707	39.448
1708	38.321
1709	38.168
1710	33.658
1711	36.172
1712	30.828
1713	29.219
1714	33.2
1715	42.396
1716	40.81
1717	32.989
1718	31.638
1719	32.331
1720	35.843
1721	41.221
1722	31.392
1723	35.714
1724	41.656
1725	33.2
1726	37.98
1727	24.944
1728	34.363
1729	34.868
1730	32.026
1731	35.349
1732	32.273
1733	28.585
1734	27.352
1735	33.282
1736	23.124
1737	29.254
1738	27.364
1739	38.52
1740	39.154
1741	36.031
1742	38.062
1743	36.348
1744	43.054
1745	41.022
1746	31.615
1747	35.255
1748	40.071
1749	35.49
1750	37.428
1751	33.212
1752	30.323
1753	34.163
1754	39.859
1755	39.037
1756	36.923
1757	33.306
1758	34.445
1759	33.447
1760	34.433
1761	32.554
1762	34.856
1763	35.044
1764	34.375
1765	29.994
1766	37.851
1767	39.941
1768	38.626
1769	34.457
1770	35.537
1771	33.928
1772	41.351
1773	27.305
1774	31.65
1775	34.21
1776	27.751
1777	29.783
1778	29.959
1779	20.0
1780	17.393
1781	35.385
1782	38.297
1783	32.214
1784	38.015
1785	34.715
1786	28.867
1787	32.226
1788	36.265
1789	33.705
1790	32.789
1791	33.247
1792	39.601
1793	31.439
1794	33.259
1795	38.403
1796	40.141
1797	30.722
1798	32.848
1799	30.969
1800	37.651
1801	31.192
1802	29.325
1803	31.028
1804	32.731
1805	35.361
1806	37.029
1807	34.116
1808	35.15
1809	32.038
1810	34.95
1811	36.348
1812	35.925
1813	29.618
1814	38.556
1815	30.722
1816	35.091
1817	40.071
1818	38.837
1819	40.599
1820	39.577
1821	37.111
1822	30.44
1823	27.775
1824	30.922
1825	33.955
1826	22.349
1827	29.008
1828	19.213
1829	27.035
1830	31.556
1831	19.307
1832	24.016
1833	35.079
1834	39.354
1835	31.662
1836	38.708
1837	40.775
1838	38.802
1839	35.232
1840	30.276
1841	36.23
1842	38.814
1843	34.022
1844	33.165
1845	36.923
1846	32.848
1847	39.753
1848	30.746
1849	38.368
1850	32.731
1851	40.482
1852	35.62
1853	39.777
1854	34.48
1855	43.887
1856	37.557
1857	33.306
1858	30.711
1859	36.829
1860	37.769
1861	32.46
1862	37.17
1863	37.698
1864	35.866
1865	37.005
1866	34.069
1867	26.847
1868	24.792
1869	37.686
1870	40.681
1871	43.265
1872	42.384
1873	30.029
1874	38.567
1875	38.732
1876	37.346
1877	38.238
1878	31.944
1879	38.896
1880	34.351
1881	40.622
1882	40.317
1883	37.111
1884	35.573
1885	26.354
1886	36.688
1887	31.838
1888	39.941
1889	39.366
1890	41.268
1891	36.148
1892	36.042
1893	38.931
1894	40.505
1895	38.45
1896	32.249
1897	36.7
1898	33.87
1899	28.585
1900	27.598
1901	28.644
1902	27.317
1903	28.009
1904	24.416
1905	26.177
1906	35.162
1907	38.685
1908	36.606
1909	33.189
1910	37.381
1911	40.024
1912	32.519
1913	37.51
1914	31.944
1915	29.935
1916	33.4
1917	27.763
1918	36.348
1919	21.362
1920	7.692
1921	20.27
1922	25.719
1923	34.598
1924	33.47
1925	30.863
1926	35.396
1927	37.463
1928	29.677
1929	39.26
1930	34.351
1931	33.447
1932	29.982
1933	38.473
1934	42.055
1935	33.846
1936	28.855
1937	34.316
1938	35.843
1939	30.112
1940	32.472
1941	38.074
1942	41.879
1943	39.225
1944	36.289
1945	32.343
1946	33.541
1947	34.586
1948	35.373
1949	30.605
1950	31.38
1951	39.953
1952	30.405
1953	31.462
1954	37.041
1955	39.225
1956	35.573
1957	40.411
1958	34.457
1959	35.62
1960	35.608
1961	36.371
1962	37.416
1963	36.348
1964	31.627
1965	36.747
1966	33.717
1967	37.44
1968	29.301
1969	23.077
1970	41.174
1971	35.831
1972	41.268
1973	40.74
1974	39.965
1975	40.317
1976	38.485
1977	39.495
1978	40.118
1979	33.059
1980	37.088
1981	41.081
1982	35.244
1983	33.553
1984	32.378
1985	26.506
1986	26.729
1987	31.885
1988	30.346
1989	17.98
1990	22.783
1991	17.405
1992	18.379
1993	17.428
1994	19.824
1995	21.409
1996	18.72
1997	28.573
1998	27.258
1999	32.214
2000	34.022
2001	35.467
2002	26.964
2003	28.42
2004	26.917
2005	28.961
2006	39.46
2007	38.873
2008	32.425
2009	36.113
2010	32.918
2011	32.918
2012	32.002
2013	32.425
2014	33.517
2015	33.858
2016	26.6
2017	36.172
2018	33.177
2019	32.108
2020	30.758
2021	35.643
2022	34.915
2023	36.254
2024	37.182
2025	39.072
2026	35.854
2027	36.583
2028	31.603
2029	34.833
2030	39.648
2031	39.695
2032	38.65
2033	36.477
2034	36.418
2035	37.299
2036	40.399
2037	35.913
2038	38.297
2039	29.83
2040	25.59
2041	28.773
2042	32.672
2043	29.16
2044	30.405
2045	37.416
2046	34.891
2047	36.289
2048	33.517
2049	32.049
2050	39.331
2051	39.554
2052	34.715
2053	36.547
2054	38.062
2055	36.712
2056	38.309
2057	39.307
2058	38.967
2059	37.992
2060	36.888
2061	41.163
2062	39.472
2063	39.061
2064	41.997
2065	40.928
2066	35.937
2067	36.677
2068	28.773
2069	31.075
2070	31.568
2071	36.359
2072	38.344
2073	39.836
2074	41.057
2075	40.928
2076	35.89
2077	33.412
2078	31.016
2079	38.579
2080	38.755
2081	34.257
2082	32.273
2083	29.912
2084	25.907
2085	28.972
2086	32.143
2087	34.386
2088	34.68
2089	37.287
2090	35.455
2091	20.153
2092	22.689
2093	27.669
2094	30.17
2095	32.93
2096	29.853
2097	30.17
2098	27.422
2099	32.366
2100	38.638
2101	39.542
2102	33.517
2103	31.356
2104	37.698
2105	40.352
2106	40.2
2107	38.814
2108	36.172
2109	35.032
2110	39.248
2111	41.304
2112	42.666
2113	40.012
2114	43.535
2115	39.436
2116	38.79
2117	39.977
2118	38.062
2119	35.173
2120	36.16
2121	34.339
2122	34.516
2123	29.548
2124	34.281
2125	27.129
2126	29.395
2127	28.056
2128	24.51
2129	31.333
2130	21.21
2131	29.172
2132	27.775
2133	23.124
2134	31.169
2135	28.374
2136	33.177
2137	31.075
2138	30.217
2139	31.45
2140	30.053
2141	32.249
2142	23.441
2143	38.485
2144	39.648
2145	39.8
2146	42.795
2147	42.267
2148	41.867
2149	41.644
2150	41.116
2151	41.562
2152	38.896
2153	33.588
2154	41.961
2155	39.73
2156	36.383
2157	38.673
2158	37.91
2159	40.294
2160	34.386
2161	40.576
2162	38.696
2163	41.233
2164	39.025
2165	36.277
2166	32.132
2167	37.064
2168	36.195
2169	29.513
2170	36.43
2171	39.507
2172	39.894
2173	40.611
2174	25.026
2175	29.571
2176	27.775
2177	28.996
2178	31.603
2179	30.617
2180	30.37
2181	34.292
2182	27.622
2183	30.828
2184	25.59
2185	28.15
2186	28.878
2187	29.536
2188	30.358
2189	24.075
2190	30.534
2191	30.558
2192	35.091
2193	36.089
2194	30.816
2195	37.193
2196	38.086
2197	40.2
2198	39.507
2199	29.63
2200	33.647
2201	34.833
2202	31.11
2203	21.914
2204	14.915
2205	13.823
2206	15.737
2207	17.193
2208	23.347
2209	31.744
2210	30.851
2211	32.355
2212	30.769
2213	37.816
2214	26.929
2215	27.446
2216	38.109
2217	36.994
2218	37.487
2219	32.613
2220	30.464
2221	32.002
2222	31.603
2223	28.162
2224	31.18
2225	25.379
2226	29.419
2227	31.814
2228	29.736
2229	31.462
2230	28.009
2231	27.093
2232	26.107
2233	37.581
2234	35.091
2235	30.053
2236	21.609
2237	17.534
2238	29.102
2239	30.652
2240	32.507
2241	32.355
2242	39.894
2243	39.248
2244	36.465
2245	28.209
2246	36.794
2247	29.9
2248	38.051
2249	25.003
2250	31.533
2251	38.626
2252	37.393
2253	35.044
2254	29.184
2255	27.962
2256	21.233
2257	23.852
2258	17.604
2259	28.644
2260	28.526
2261	25.625
2262	35.15
2263	28.538
2264	32.895
2265	24.357
2266	23.782
2267	28.597
2268	33.553
2269	28.984
2270	26.941
2271	30.358
2272	39.002
2273	36.031
2274	28.42
2275	27.258
2276	27.187
2277	38.403
2278	33.741
2279	27.61
2280	29.36
2281	38.098
2282	37.463
2283	26.095
2284	32.085
2285	31.169
2286	33.576
2287	36.254
2288	31.122
2289	37.405
2290	31.92
2291	28.197
2292	32.684
2293	26.154
2294	28.55
2295	29.125
2296	37.135
2297	34.14
2298	38.203
2299	26.072
2300	23.887
2301	32.237
2302	35.702
2303	26.424
2304	22.854
2305	33.517
2306	22.149
2307	19.131
2308	13.553
2309	18.743
2310	30.511
2311	34.292
2312	29.783
2313	24.439
2314	30.37
2315	33.271
2316	33.858
2317	34.645
2318	29.149
2319	25.144
2320	38.168
2321	37.499
2322	34.962
2323	33.447
2324	18.309
2325	38.344
2326	33.741
2327	42.255
2328	30.851
2329	27.352
2330	39.695
2331	40.587
2332	39.789
2333	35.502
2334	26.541
2335	30.018
2336	39.883
2337	38.978
2338	33.142
2339	30.675
2340	42.102
2341	41.644
2342	43.723
2343	36.183
2344	35.079
2345	36.794
2346	42.642
2347	40.975
2348	40.446
2349	34.821
2350	30.581
2351	32.578
2352	41.55
2353	31.31
2354	28.726
2355	28.878
2356	33.694
2357	35.843
2358	30.898
2359	26.694
2360	28.268
2361	37.217
2362	37.557
2363	27.845
2364	31.58
2365	31.967
2366	27.739
2367	33.294
2368	35.913
2369	40.94
2370	26.588
2371	17.546
2372	33.106
2373	36.218
2374	32.143
2375	37.311
2376	29.595
2377	29.501
2378	37.228
2379	31.521
2380	23.253
2381	32.237
2382	41.01
2383	40.153
2384	33.905
2385	37.252
2386	39.072
2387	37.041
2388	35.396
2389	27.422
2390	28.092
2391	39.014
2392	38.696
2393	28.855
2394	32.073
2395	25.531
2396	32.871
2397	37.581
2398	32.824
2399	33.834
2400	24.745
2401	36.125
2402	41.726
2403	42.044
2404	39.883
2405	39.131
2406	40.423
2407	42.137
2408	35.608
2409	42.161
2410	41.151
2411	36.324
2412	34.985
2413	39.014
2414	39.131
2415	42.49
2416	40.928
2417	38.849
2418	36.759
2419	36.841
2420	33.177
2421	35.702
2422	38.297
2423	40.611
2424	38.473
2425	24.756
2426	31.169
2427	31.638
2428	32.155
2429	21.891
2430	29.654
2431	31.486
2432	31.544
2433	34.974
2434	43.23
2435	34.116
2436	37.029
2437	36.994
2438	38.297
2439	41.022
2440	28.291
2441	34.715
2442	25.32
2443	37.78
2444	27.187
2445	36.665
2446	34.962
2447	41.362
2448	34.645
2449	28.068
2450	36.888
2451	33.365
2452	32.719
2453	33.024
2454	20.329
2455	30.182
2456	37.369
2457	40.916
2458	28.702
2459	25.954
2460	30.687
2461	24.651
2462	22.619
2463	20.024
2464	32.108
2465	35.819
2466	36.101
2467	40.024
2468	39.519
2469	28.338
2470	19.46
2471	25.989
2472	36.947
2473	40.399
2474	40.552
2475	37.757
2476	39.248
2477	33.212
2478	31.427
2479	31.873
2480	36.5
2481	40.681
2482	36.5
2483	30.076
2484	27.775
2485	35.373
2486	35.878
2487	34.586
2488	28.632
2489	26.025
2490	35.302
2491	34.903
2492	32.695
2493	34.95
2494	28.655
2495	38.485
2496	39.941
2497	36.876
2498	38.215
2499	37.839
2500	34.351
2501	37.311
2502	30.264
2503	18.685
2504	36.418
2505	33.482
2506	18.227
2507	35.678
2508	39.154
2509	40.2
2510	36.982
2511	39.413
2512	33.517
2513	30.088
2514	30.229
2515	31.415
2516	37.311
2517	31.392
2518	33.024
2519	38.203
2520	34.762
2521	33.834
2522	35.678
2523	35.667
2524	40.446
2525	31.251
2526	39.789
2527	38.356
2528	37.569
2529	36.43
2530	38.65
2531	37.992
2532	33.189
2533	37.369
2534	34.011
2535	31.944
2536	36.547
2537	30.945
2538	32.449
2539	35.89
2540	37.886
2541	26.377
2542	38.168
2543	38.837
2544	34.551
2545	32.66
2546	35.913
2547	36.5
2548	25.144
2549	33.083
2550	31.38
2551	38.297
2552	39.73
2553	36.747
2554	36.829
2555	35.22
2556	32.566
2557	27.258
2558	37.111
2559	28.327
2560	24.416
2561	43.206
2562	36.301
2563	34.516
2564	34.445
2565	36.101
2566	35.42
2567	38.708
2568	40.681
2569	41.245
2570	38.368
2571	39.096
2572	38.72
2573	36.406
2574	36.406
2575	40.904
2576	39.072
2577	39.495
2578	41.914
2579	40.693
2580	39.295
2581	37.557
2582	32.472
2583	36.195
2584	40.951
2585	38.826
2586	35.702
2587	40.164
2588	32.355
2589	34.457
2590	38.368
2591	34.163
2592	41.938
2593	42.231
2594	42.302
2595	41.703
2596	39.307
2597	40.223
2598	32.895
2599	40.646
2600	37.804
2601	38.767
2602	38.967
2603	39.331
2604	36.418
2605	38.321
2606	32.132
2607	43.171
2608	32.226
2609	38.133
2610	39.354
2611	40.247
2612	39.648
2613	39.307
2614	36.101
2615	31.908
2616	31.685
2617	28.479
2618	32.707
2619	39.084
2620	36.101
2621	33.905
2622	33.412
2623	41.679
2624	38.978
2625	38.802
2626	28.268
2627	40.247
2628	39.812
2629	40.998
2630	35.667
2631	40.482
2632	36.853
2633	34.786
2634	38.696
2635	38.297
2636	34.75
2637	28.197
2638	31.227
2639	30.499
2640	33.412
2641	35.608
2642	39.941
2643	41.092
2644	37.51
2645	32.813
2646	28.82
2647	35.796
2648	31.791
2649	35.22
2650	42.842
2651	22.584
2652	27.105
2653	30.241
2654	37.452
2655	36.571
2656	34.974
2657	32.989
2658	26.612
2659	30.253
2660	30.887
2661	36.5
2662	34.292
2663	29.137
2664	32.813
2665	36.442
2666	32.766
2667	36.218
2668	39.589
2669	29.924
2670	36.547
2671	36.653
2672	37.651
2673	30.593
2674	35.549
2675	36.63
2676	35.091
2677	35.056
2678	24.839
2679	20.787
2680	42.325
2681	30.382
2682	28.35
2683	34.516
2684	40.129
2685	35.267
2686	42.314
2687	34.88
2688	37.733
2689	30.781
2690	17.334
2691	34.786
2692	19.695
2693	30.323
2694	39.413
2695	30.593
2696	21.668
2697	25.919
2698	31.122
2699	37.228
2700	31.979
2701	26.859
2702	30.945
2703	40.928
2704	41.292
2705	34.386
2706	32.496
2707	31.145
2708	37.663
2709	39.566
2710	45.637
2711	46.177
2712	41.632
2713	43.065
2714	39.319
2715	25.661
2716	25.391
2717	22.572
2718	35.385
2719	40.411
2720	37.663
2721	48.949
2722	41.057
2723	33.741
2724	32.237
2725	39.507
2726	33.776
2727	28.362
2728	31.756
2729	33.67
2730	37.71
2731	39.26
2732	34.598
2733	31.204
2734	39.154
2735	39.671
2736	39.659
2737	42.267
2738	48.644
2739	46.154
2740	47.176
2741	25.989
2742	43.465
2743	42.149
2744	38.52
2745	40.669
2746	38.567
2747	50.147
2748	47.54
2749	42.525
2750	39.119
2751	33.494
2752	51.697
2753	36.254
2754	32.543
2755	36.336
2756	30.429
2757	44.075
2758	37.041
2759	43.312
2760	41.797
2761	40.305
2762	42.619
2763	39.765
2764	39.46
2765	44.604
2766	40.059
2767	40.576
2768	37.275
2769	31.11
2770	43.876
2771	41.938
2772	41.456
2773	41.386
2774	41.985
2775	36.982
2776	33.506
2777	39.413
2778	40.047
2779	37.275
2780	40.435
2781	29.102
2782	39.566
2783	36.947
2784	31.098
2785	28.315
2786	25.86
2787	33.247
2788	41.034
2789	41.926
2790	41.82
2791	44.522
2792	37.51
2793	26.729
2794	14.844
2795	15.15
2796	16.559
2797	9.618
2798	28.362
2799	43.923
2800	42.76
2801	40.047
2802	40.2
2803	41.198
2804	35.255
2805	45.097
2806	23.382
2807	38.967
2808	27.962
2809	41.492
2810	36.747
2811	38.203
2812	28.878
2813	20.822
2814	21.045
2815	28.608
2816	38.65
2817	36.536
2818	43.171
2819	42.114
2820	45.813
2821	47.563
2822	44.381
2823	29.63
2824	39.025
2825	39.017
2826	43.97
2827	42.466
2828	42.971
2829	43.382
2830	39.977
2831	32.308
2832	43.547
2833	38.873
2834	39.859
2835	42.278
2836	41.856
2837	37.393
2838	31.145
2839	38.814
2840	37.193
2841	37.322
2842	37.076
2843	50.217
2844	45.273
2845	46.26
2846	43.594
2847	43.523
2848	38.109
2849	41.809
2850	41.926
2851	42.56
2852	33.87
2853	42.455
2854	34.985
2855	36.923
2856	45.637
2857	40.564
2858	49.219
2859	37.428
2860	26.964
2861	20.258
2862	22.936
2863	11.286
2864	11.345
2865	9.794
2866	7.34
2867	2.361
2868	5.332
2869	6.236
2870	11.392
2871	12.331
2872	14.774
2873	28.644
2874	41.245
2875	40.505
2876	26.788
2877	39.366
2878	41.856
2879	36.254
2880	49.9
2881	42.584
2882	38.532
2883	33.095
2884	41.715
2885	39.448
2886	43.605
2887	43.3
2888	43.042
2889	43.441
2890	43.394
2891	37.968
2892	42.877
2893	40.529
2894	43.253
2895	39.002
2896	42.267
2897	44.216
2898	41.315
2899	31.11
2900	27.915
2901	37.71
2902	36.16
2903	32.954
2904	35.737
2905	21.738
2906	28.526
2907	18.086
2908	37.487
2909	44.674
2910	43.852
2911	43.805
2912	40.258
2913	40.129
2914	46.553
2915	42.607
2916	36.007
2917	40.258
2918	38.544
2919	40.987
2920	42.49
2921	40.094
2922	37.675
2923	43.171
2924	42.948
2925	42.137
2926	40.716
2927	35.678
2928	44.886
2929	33.353
2930	26.976
2931	27.728
2932	27.504
2933	29.031
2934	36.336
2935	38.121
2936	42.29
2937	42.584
2938	34.985
2939	37.041
2940	42.349
2941	31.075
2942	32.296
2943	38.908
2944	30.253
2945	34.48
2946	30.687
2947	29.008
2948	28.632
2949	32.449
2950	35.479
2951	35.162
2952	34.527
2953	43.147
2954	40.975
2955	42.971
2956	47.587
2957	47.622
2958	46.518
2959	45.132
2960	44.334
2961	41.327
2962	33.964
2963	35.232
2964	39.906
2965	43.512
2966	42.971
2967	39.331
2968	30.851
2969	35.009
2970	36.794
2971	29.337
2972	42.619
2973	38.086
2974	42.549
2975	37.111
2976	24.498
2977	18.556
2978	33.87
2979	39.342
2980	39.883
2981	40.975
2982	35.667
2983	40.435
2984	42.795
2985	41.632
2986	31.861
2987	26.999
2988	14.316
2989	12.695
2990	11.685
2991	13.74
2992	14.025
2993	21.022
2994	23.206
2995	36.312
2996	37.886
2997	42.032
2998	33.741
2999	36.571
3000	46.119
3001	42.772
3002	25.367
3003	17.804
3004	24.921
3005	20.176
3006	25.719
3007	41.127
3008	40.411
3009	38.92
3010	45.344
3011	42.314
3012	39.072
3013	38.884
3014	39.883
3015	45.05
3016	45.132
3017	42.701
3018	34.433
3019	22.913
3020	21.668
3021	19.389
3022	14.504
3023	21.034
3024	27.751
3025	30.3
3026	33.881
3027	35.361
3028	39.19
3029	34.316
3030	30.335
3031	28.949
3032	30.758
3033	31.568
3034	33.012
3035	33.459
3036	28.397
3037	33.247
3038	36.958
3039	43.782
3040	39.613
3041	33.459
3042	33.658
3043	35.948
3044	26.154
3045	24.839
3046	17.522
3047	20.693
3048	10.769
3049	26.213
3050	36.688
3051	40.681
3052	40.763
3053	43.641
3054	38.814
3055	42.678
3056	23.57
3057	28.256
3058	33.071
3059	38.004
3060	35.702
3061	44.639
3062	40.857
3063	33.306
3064	45.367
3065	38.215
3066	37.264
3067	37.851
3068	39.977
3069	30.875
3070	19.131
3071	21.585
3072	28.608
3073	37.041
3074	39.143
3075	36.759
3076	39.836
3077	45.05
3078	39.178
3079	41.28
3080	41.539
3081	39.425
3082	39.154
3083	42.478
3084	44.745
3085	40.681
3086	37.217
3087	39.389
3088	37.111
3089	38.908
3090	42.455
3091	34.692
3092	43.958
3093	40.564
3094	38.72
3095	41.668
3096	40.352
3097	38.837
3098	38.004
3099	39.824
3100	30.652
3101	35.995
3102	29.618
3103	32.813
3104	36.16
3105	36.77
3106	34.844
3107	31.039
3108	32.296
3109	42.549
3110	35.197
3111	25.308
3112	38.814
3113	40.822
3114	33.165
3115	42.137
3116	33.306
3117	34.175
3118	39.014
3119	35.608
3120	38.368
3121	36.43
3122	42.807
3123	42.924
3124	45.038
3125	44.803
3126	44.956
3127	45.99
3128	34.61
3129	41.292
3130	40.693
3131	41.738
3132	42.56
3133	41.433
3134	42.396
3135	41.867
3136	40.622
3137	39.037
3138	40.846
3139	42.22
3140	41.562
3141	41.973
3142	36.536
3143	39.425
3144	38.45
3145	40.599
3146	41.632
3147	42.067
3148	42.055
3149	39.918
3150	40.74
3151	41.48
3152	42.866
3153	41.938
3154	41.151
3155	43.876
3156	47.14
3157	45.508
3158	43.465
3159	44.322
3160	43.699
3161	45.731
3162	41.292
3163	46.295
3164	47.657
3165	44.11
3166	41.386
3167	40.857
3168	37.24
3169	34.504
3170	47.093
3171	41.245
3172	41.092
3173	40.951
3174	45.203
3175	41.057
3176	40.916
3177	42.337
3178	38.238
3179	41.539
3180	43.488
3181	40.235
3182	36.958
3183	30.276
3184	34.821
3185	39.483
3186	30.194
3187	43.981
3188	36.183
3189	28.808
3190	39.894
3191	37.933
3192	29.607
3193	16.794
3194	6.048
3195	6.283
3196	10.206
3197	12.449
3198	12.331
3199	19.836
3200	34.375
3201	37.91
3202	31.92
3203	30.992
3204	40.529
3205	37.076
3206	22.642
3207	40.916
3208	36.254
3209	33.177
3210	31.615
3211	33.752
3212	25.954
3213	37.017
3214	33.576
3215	32.12
3216	33.964
3217	31.122
3218	40.411
3219	36.383
3220	43.089
3221	40.118
3222	42.76
3223	41.797
3224	40.916
3225	41.409
3226	40.235
3227	37.992
3228	35.725
3229	39.483
3230	43.159
3231	39.789
3232	42.478
3233	39.918
3234	34.586
3235	19.847
3236	18.755
3237	19.049
3238	20.27
3239	20.881
3240	26.635
3241	31.004
3242	35.162
3243	38.685
3244	38.696
3245	36.888
3246	40.164
3247	34.022
3248	41.973
3249	40.505
3250	48.033
3251	31.92
3252	31.145
3253	33.776
3254	42.948
3255	26.283
3256	28.115
3257	17.275
3258	16.395
3259	19.096
3260	22.983
3261	21.092
3262	21.386
3263	32.754
3264	32.249
3265	44.627
3266	38.873
3267	39.577
3268	38.65
3269	42.842
3270	40.669
3271	32.226
3272	49.63
3273	44.099
3274	42.889
3275	44.557
3276	41.174
3277	32.202
3278	44.933
3279	40.376
3280	37.945
3281	41.292
3282	37.205
3283	36.289
3284	38.473
3285	35.279
3286	32.496
3287	41.174
3288	41.997
3289	41.903
3290	33.048
3291	41.973
3292	41.081
3293	39.695
3294	40.376
3295	32.249
3296	28.761
3297	31.591
3298	32.895
3299	30.534
3300	31.838
3301	27.493
3302	36.641
3303	38.227
3304	38.191
3305	23.746
3306	39.248
3307	38.344
3308	37.933
3309	38.497
3310	35.878
3311	40.352
3312	44.768
3313	43.946
3314	42.901
3315	41.257
3316	37.71
3317	43.887
3318	45.614
3319	43.324
3320	34.222
3321	45.79
3322	45.649
3323	40.141
3324	41.386
3325	45.766
3326	34.257
3327	39.002
3328	18.215
3329	20.305
3330	21.104
3331	32.19
3332	22.032
3333	22.361
3334	37.804
3335	44.334
3336	41.656
3337	37.052
3338	45.708
3339	41.421
3340	32.319
3341	33.682
3342	34.574
3343	19.037
3344	37.135
3345	33.506
3346	36.078
3347	12.425
3348	19.46
3349	36.406
3350	37.416
3351	39.988
3352	25.285
3353	40.094
3354	35.62
3355	34.48
3356	39.483
3357	39.354
3358	39.425
3359	41.186
3360	43.324
3361	38.274
3362	37.968
3363	40.916
3364	37.287
3365	39.859
3366	28.291
3367	29.043
3368	30.816
3369	37.299
3370	42.76
3371	36.606
3372	41.891
3373	40.998
3374	37.463
3375	31.486
3376	38.638
3377	43.3
3378	43.488
3379	45.531
3380	38.051
3381	31.028
3382	27.775
3383	41.679
3384	44.439
3385	42.29
3386	38.332
3387	38.72
3388	44.592
3389	42.173
3390	42.783
3391	45.355
3392	41.773
3393	39.542
3394	40.822
3395	39.554
3396	42.149
3397	37.416
3398	39.213
3399	37.968
3400	40.364
3401	41.738
3402	40.035
3403	40.153
3404	42.114
3405	39.319
3406	35.76
3407	41.127
3408	39.307
3409	38.356
3410	34.199
3411	39.718
3412	41.762
3413	39.671
3414	38.814
3415	31.086
3416	24.921
3417	21.304
3418	20.787
3419	16.723
3420	17.346
3421	20.611
3422	26.224
3423	30.311
3424	39.178
3425	37.193
3426	35.467
3427	35.631
3428	34.457
3429	31.133
3430	34.093
3431	27.035
3432	39.413
3433	34.95
3434	32.965
3435	36.547
3436	33.494
3437	29.83
3438	35.972
3439	35.537
3440	29.301
3441	31.591
3442	29.783
3443	34.433
3444	32.378
3445	33.823
3446	37.534
3447	33.236
3448	34.034
3449	34.445
3450	37.334
3451	33.588
3452	35.49
3453	33.799
3454	31.462
3455	36.489
3456	38.556
3457	40.106
3458	40.552
3459	26.001
3460	25.884
3461	30.147
3462	33.306
3463	27.281
3464	34.386
3465	34.046
3466	33.388
3467	30.487
3468	34.316
3469	29.419
3470	24.545
3471	36.395
3472	26.401
3473	36.853
3474	40.493
3475	37.874
3476	38.908
3477	28.538
3478	36.395
3479	38.004
3480	35.091
3481	39.284
3482	39.836
3483	42.22
3484	38.309
3485	29.548
3486	26.729
3487	33.952
3488	38.227
3489	36.359
3490	34.034
3491	39.613
3492	31.721
3493	40.857
3494	42.22
3495	41.057
3496	36.735
3497	37.111
3498	33.553
3499	31.227
3500	41.081
3501	43.594
3502	45.391
3503	44.557
3504	45.602
3505	39.366
3506	28.244
3507	41.82
3508	41.914
3509	36.324
3510	34.48
3511	39.002
3512	31.345
3513	31.709
3514	24.991
3515	23.018
3516	23.887
3517	36.97
3518	44.674
3519	44.815
3520	44.662
3521	38.92
3522	41.938
3523	38.779
3524	42.913
3525	30.675
3526	35.925
3527	32.308
3528	39.977
3529	33.341
3530	36.406
3531	35.866
3532	37.546
3533	35.96
3534	34.774
3535	20.364
3536	41.081
3537	40.305
3538	35.772
3539	39.154
3540	36.019
3541	43.359
3542	42.689
3543	40.258
3544	39.554
3545	32.449
3546	28.28
3547	41.844
3548	34.152
3549	41.997
3550	36.301
3551	12.601
3552	22.302
3553	31.251
3554	39.613
3555	36.23
3556	40.399
3557	39.26
3558	39.331
3559	31.721
3560	19.178
3561	27.598
3562	38.203
3563	38.861
3564	35.655
3565	38.978
3566	35.103
3567	36.371
3568	38.978
3569	36.547
3570	34.95
3571	37.346
3572	41.374
3573	40.951
3574	40.27
3575	31.556
3576	40.493
3577	40.071
3578	39.389
3579	40.752
3580	38.861
3581	29.924
3582	33.917
3583	33.2
3584	26.13
3585	39.425
3586	29.477
3587	41.856
3588	37.733
3589	18.826
3590	35.173
3591	31.016
3592	34.339
3593	34.598
3594	39.366
3595	36.265
3596	40.834
3597	40.787
3598	40.164
3599	39.847
3600	33.294
