0	17.234
1	26.142
2	23.852
3	26.095
4	29.548
5	31.169
6	25.966
7	29.56
8	32.273
9	28.679
10	27.117
11	31.356
12	27.352
13	30.194
14	29.783
15	27.457
16	28.409
17	14.457
18	20.094
19	25.191
20	35.091
21	25.849
22	26.917
23	33.282
24	30.335
25	29.842
26	24.897
27	25.026
28	34.774
29	34.339
30	26.718
31	29.325
32	30.687
33	32.425
34	30.922
35	30.253
36	27.657
37	22.29
38	20.669
39	30.605
40	28.268
41	18.309
42	21.48
43	24.416
44	23.1
45	24.075
46	20.916
47	28.092
48	23.523
49	17.264
50	23.488
51	20.117
52	19.46
53	23.911
54	14.058
55	28.902
56	29.231
57	22.161
58	26.025
59	29.207
60	29.348
61	27.54
62	19.284
63	24.604
64	23.629
65	16.794
66	19.248
67	19.706
68	27.305
69	21.233
70	20.716
71	20.106
72	19.331
73	17.628
74	17.24
75	18.227
76	22.419
77	20.294
78	25.567
79	32.813
80	26.518
81	26.859
82	28.162
83	27.387
84	22.231
85	6.13
86	7.176
87	9.935
88	8.432
89	15.103
90	22.149
91	25.625
92	27.563
93	23.793
94	11.039
95	24.099
96	11.11
97	24.815
98	33.059
99	24.204
100	28.996
101	28.972
102	11.814
103	8.491
104	10.053
105	27.845
106	25.813
107	29.783
108	25.872
109	8.221
110	26.577
111	24.874
112	24.733
113	14.128
114	20.27
115	27.281
116	25.391
117	12.601
118	24.005
119	28.209
120	31.897
121	19.201
122	29.959
123	29.149
124	9.571
125	8.021
126	17.675
127	36.888
128	28.82
129	26.847
130	27.692
131	20.247
132	12.038
133	29.701
134	28.08
135	28.303
136	20.141
137	25.978
138	29.125
139	30.276
140	30.452
141	27.457
142	26.847
143	27.34
144	23.206
145	5.661
146	8.773
147	20.188
148	18.743
149	21.562
150	19.566
151	21.844
152	23.359
153	8.608
154	20.775
155	15.807
156	29.16
157	31.58
158	29.184
159	28.526
160	27.998
161	31.427
162	31.897
163	12.449
164	23.441
165	19.953
166	26.001
167	23.617
168	19.413
169	22.102
170	18.039
171	20.74
172	20.47
173	26.588
174	27.129
175	23.805
176	25.414
177	18.086
178	17.393
179	19.507
180	32.871
181	30.992
182	33.658
183	31.345
184	32.895
185	34.974
186	33.6
187	25.966
188	34.974
189	29.83
190	28.996
191	33.024
192	33.893
193	33.2
194	14.551
195	34.105
196	36.524
197	34.116
198	25.637
199	26.823
200	24.979
201	30.088
202	16.395
203	30.112
204	33.236
205	26.342
206	26.412
207	24.063
208	28.127
209	28.362
210	17.24
211	32.637
212	32.472
213	23.23
214	15.502
215	12.801
216	26.682
217	18.497
218	34.339
219	15.713
220	26.295
221	27.892
222	18.978
223	23.335
224	32.625
225	32.789
226	34.527
227	37.722
228	34.715
229	35.948
230	33.787
231	32.331
232	34.727
233	33.682
234	31.439
235	36.759
236	32.766
237	34.351
238	33.177
239	33.764
240	30.887
241	32.026
242	32.66
243	32.613
244	35.866
245	31.991
246	34.95
247	32.613
248	15.631
249	22.971
250	30.112
251	20.74
252	5.437
253	4.181
254	22.431
255	13.47
256	20.117
257	8.456
258	16.841
259	5.402
260	8.021
261	30.934
262	32.684
263	24.568
264	28.702
265	29.971
266	33.764
267	21.621
268	34.844
269	35.091
270	33.834
271	29.172
272	32.601
273	31.685
274	30.006
275	30.781
276	28.878
277	24.639
278	25.989
279	29.407
280	31.039
281	35.796
282	32.883
283	31.674
284	23.699
285	34.351
286	34.422
287	33.623
288	34.433
289	36.994
290	37.334
291	28.738
292	21.832
293	32.801
294	29.759
295	36.888
296	33.975
297	18.391
298	26.412
299	32.12
300	34.915
301	36.677
302	32.989
303	33.482
304	28.925
305	37.158
306	30.44
307	12.836
308	32.907
309	34.328
310	30.335
311	39.201
312	34.903
313	33.341
314	29.701
315	27.27
316	34.093
317	32.719
318	30.734
319	36.195
320	30.805
321	37.898
322	37.581
323	35.42
324	30.393
325	27.446
326	31.169
327	34.821
328	31.204
329	21.809
330	34.105
331	21.327
332	29.407
333	24.216
334	27.845
335	29.994
336	28.937
337	32.472
338	31.92
339	28.585
340	28.597
341	21.703
342	26.765
343	32.871
344	30.523
345	29.348
346	29.137
347	35.526
348	35.749
349	32.543
350	32.413
351	28.092
352	34.504
353	32.343
354	31.932
355	32.143
356	31.039
357	30.851
358	32.261
359	28.162
360	32.226
361	33.752
362	35.561
363	28.303
364	33.247
365	34.222
366	32.578
367	32.085
368	27.258
369	33.153
370	33.259
371	30.217
372	32.507
373	36.453
374	34.985
375	32.19
376	32.049
377	25.026
378	27.34
379	25.073
380	26.271
381	26.342
382	13.905
383	28.503
384	26.307
385	32.402
386	33.928
387	29.278
388	34.633
389	30.346
390	25.942
391	32.296
392	25.132
393	31.286
394	33.224
395	32.261
396	32.366
397	20.94
398	26.635
399	22.067
400	17.228
401	20.305
402	11.756
403	15.432
404	17.205
405	19.472
406	18.332
407	22.384
408	36.653
409	31.039
410	36.712
411	37.076
412	36.97
413	36.289
414	36.218
415	31.251
416	33.071
417	32.672
418	30.64
419	23.371
420	32.895
421	30.276
422	27.516
423	28.467
424	26.859
425	28.937
426	18.896
427	32.554
428	37.757
429	33.412
430	34.011
431	35.784
432	27.81
433	35.725
434	35.373
435	36.571
436	24.345
437	36.254
438	28.761
439	37.581
440	32.637
441	35.678
442	35.561
443	36.7
444	21.515
445	26.459
446	23.829
447	32.531
448	29.36
449	30.147
450	29.501
451	25.567
452	11.321
453	14.163
454	13.647
455	13.881
456	20.247
457	12.308
458	16.418
459	20.117
460	29.16
461	31.086
462	26.412
463	27.457
464	35.972
465	33.095
466	33.717
467	28.42
468	32.284
469	34.821
470	33.846
471	25.872
472	33.834
473	39.248
474	37.275
475	30.746
476	31.838
477	31.697
478	33.353
479	33.87
480	36.794
481	27.587
482	22.889
483	30.17
484	17.569
485	21.221
486	14.833
487	10.288
488	23.582
489	32.331
490	39.472
491	33.694
492	32.942
493	33.494
494	30.969
495	34.281
496	35.056
497	33.752
498	36.735
499	34.433
500	31.403
501	30.581
502	30.393
503	14.774
504	28.667
505	16.265
506	21.926
507	30.91
508	30.393
509	29.583
510	32.096
511	23.406
512	7.387
513	20.564
514	29.019
515	31.004
516	31.251
517	26.119
518	29.865
519	36.5
520	36.101
521	36.512
522	31.873
523	30.382
524	33.975
525	29.9
526	32.39
527	30.206
528	35.103
529	35.396
530	34.88
531	36.63
532	36.031
533	33.811
534	34.269
535	24.933
536	32.296
537	32.249
538	33.6
539	27.117
540	25.766
541	32.695
542	30.816
543	23.523
544	31.521
545	32.002
546	32.402
547	18.062
548	21.034
549	25.931
550	23.277
551	28.796
552	28.467
553	27.469
554	31.462
555	30.135
556	28.139
557	31.415
558	25.942
559	24.322
560	30.652
561	25.672
562	27.105
563	26.06
564	21.597
565	22.584
566	24.04
567	23.911
568	26.577
569	22.29
570	28.561
571	31.861
572	20.364
573	28.538
574	36.571
575	38.168
576	38.415
577	35.373
578	36.536
579	38.967
580	36.63
581	36.019
582	30.217
583	36.594
584	37.123
585	34.962
586	38.051
587	24.886
588	27.364
589	29.701
590	25.015
591	26.048
592	33.987
593	29.43
594	30.687
595	26.506
596	25.755
597	31.768
598	30.758
599	34.539
600	32.096
601	30.3
602	29.736
603	26.447
604	12.226
605	17.146
606	28.291
607	21.398
608	24.04
609	26.025
610	28.949
611	31.051
612	29.43
613	33.271
614	24.24
615	18.955
616	25.203
617	25.367
618	30.699
619	26.025
620	34.574
621	32.284
622	20.341
623	25.297
624	18.767
625	21.421
626	25.484
627	27.493
628	28.608
629	31.462
630	26.33
631	23.864
632	28.796
633	31.474
634	30.358
635	33.776
636	36.677
637	32.824
638	30.288
639	33.212
640	31.932
641	32.977
642	32.907
643	35.396
644	34.234
645	34.163
646	38.673
647	34.938
648	33.071
649	34.621
650	30.934
651	26.271
652	31.826
653	22.748
654	27.54
655	23.547
656	26.189
657	29.888
658	33.012
659	34.704
660	34.574
661	36.183
662	34.187
663	33.318
664	26.635
665	19.272
666	21.245
667	29.301
668	30.546
669	31.509
670	30.593
671	22.466
672	28.362
673	19.413
674	29.548
675	31.627
676	32.026
677	29.137
678	33.858
679	32.965
680	23.277
681	29.642
682	31.251
683	35.056
684	26.976
685	18.967
686	18.156
687	20.54
688	33.142
689	26.048
690	36.031
691	39.389
692	28.174
693	29.149
694	19.8
695	27.07
696	37.146
697	33.435
698	32.202
699	32.742
700	30.358
701	4.345
702	28.256
703	28.679
704	24.451
705	23.335
706	28.291
707	33.024
708	33.764
709	32.66
710	35.913
711	30.91
712	28.291
713	30.769
714	25.062
715	27.798
716	33.776
717	33.47
718	28.89
719	32.002
720	28.878
721	25.719
722	28.914
723	31.004
724	33.881
725	36.277
726	35.866
727	27.422
728	21.221
729	23.923
730	24.063
731	26.741
732	23.723
733	28.843
734	26.036
735	26.999
736	28.338
737	32.449
738	34.41
739	31.227
740	27.716
741	21.339
742	29.466
743	24.839
744	27.681
745	25.531
746	33.811
747	33.611
748	33.412
749	20.493
750	20.458
751	28.186
752	29.677
753	30.135
754	38.344
755	36.136
756	37.311
757	33.647
758	38.826
759	35.455
760	29.689
761	16.324
762	23.465
763	20.435
764	38.109
765	34.175
766	27.563
767	37.264
768	34.88
769	34.328
770	33.858
771	36.172
772	28.808
773	30.805
774	33.012
775	37.71
776	32.331
777	36.136
778	36.806
779	35.901
780	34.75
781	34.246
782	33.846
783	29.172
784	22.866
785	37.428
786	36.723
787	32.402
788	22.361
789	27.152
790	33.623
791	32.096
792	35.608
793	29.301
794	20.587
795	26.612
796	29.008
797	34.633
798	36.911
799	37.099
800	34.657
801	31.509
802	16.665
803	7.857
804	6.964
805	12.93
806	30.511
807	36.348
808	36.747
809	37.287
810	38.967
811	33.987
812	34.187
813	28.115
814	19.213
815	35.772
816	33.846
817	23.852
818	30.546
819	30.041
820	26.072
821	34.856
822	35.044
823	31.814
824	16.524
825	18.203
826	32.19
827	39.483
828	29.759
829	35.173
830	26.541
831	30.241
832	30.981
833	30.617
834	36.994
835	39.072
836	35.455
837	33.306
838	26.354
839	31.38
840	32.413
841	31.85
842	18.121
843	27.869
844	26.307
845	31.169
846	29.959
847	33.952
848	30.711
849	30.945
850	29.207
851	29.783
852	32.601
853	14.422
854	26.765
855	18.062
856	32.554
857	23.183
858	33.048
859	30.44
860	34.281
861	25.766
862	22.408
863	8.514
864	30.57
865	29.149
866	34.739
867	28.338
868	29.842
869	31.11
870	28.961
871	33.376
872	29.771
873	14.457
874	31.803
875	32.132
876	30.076
877	34.527
878	34.304
879	31.732
880	17.769
881	22.302
882	18.72
883	21.644
884	16.829
885	22.525
886	20.716
887	9.571
888	11.885
889	18.849
890	16.453
891	23.97
892	29.865
893	29.982
894	26.6
895	28.878
896	30.981
897	31.861
898	28.385
899	31.779
900	28.832
901	28.714
902	28.068
903	23.77
904	10.276
905	25.097
906	26.964
907	22.971
908	28.878
909	25.461
910	24.04
911	21.856
912	26.013
913	27.07
914	31.638
915	34.328
916	26.048
917	26.812
918	27.293
919	21.174
920	29.278
921	28.432
922	29.853
923	28.209
924	24.956
925	28.385
926	11.803
927	30.382
928	28.15
929	25.531
930	31.028
931	28.785
932	31.709
933	30.346
934	33.905
935	29.877
936	20.235
937	34.281
938	36.054
939	26.988
940	23.817
941	21.738
942	21.95
943	17.733
944	11.063
945	13.506
946	16.841
947	19.718
948	20.505
949	7.551
950	5.285
951	15.948
952	19.542
953	19.648
954	17.616
955	22.49
956	19.107
957	21.069
958	13.964
959	18.591
960	23.688
961	21.351
962	25.531
963	29.947
964	26.952
965	23.77
966	10.617
967	32.331
968	31.321
969	23.265
970	29.407
971	27.869
972	29.207
973	21.139
974	11.11
975	13.764
976	9.888
977	12.789
978	13.787
979	17.757
980	20.141
981	22.572
982	29.149
983	29.266
984	14.152
985	8.714
986	16.031
987	24.345
988	21.891
989	23.817
990	24.181
991	25.25
992	26.189
993	21.362
994	19.201
995	24.545
996	17.111
997	10.593
998	24.134
999	25.766
1000	26.365
1001	22.736
1002	18.849
1003	21.715
1004	23.265
1005	23.124
1006	25.919
1007	17.041
1008	19.448
1009	33.2
1010	33.071
1011	31.544
1012	32.519
1013	31.885
1014	33.928
1015	32.378
1016	33.177
1017	34.234
1018	35.831
1019	34.997
1020	32.625
1021	33.177
1022	32.449
1023	29.513
1024	35.737
1025	33.893
1026	30.053
1027	35.162
1028	32.308
1029	36.547
1030	33.083
1031	36.136
1032	39.977
1033	38.743
1034	38.133
1035	35.854
1036	30.335
1037	39.331
1038	35.15
1039	27.986
1040	34.14
1041	28.996
1042	26.53
1043	26.377
1044	25.884
1045	23.629
1046	30.382
1047	30.84
1048	33.494
1049	29.019
1050	12.754
1051	12.226
1052	24.016
1053	32.402
1054	35.948
1055	28.832
1056	30.335
1057	34.269
1058	31.192
1059	27.551
1060	20.024
1061	33.787
1062	33.106
1063	38.978
1064	26.119
1065	34.844
1066	35.455
1067	15.69
1068	24.521
1069	32.989
1070	31.368
1071	28.291
1072	31.814
1073	27.399
1074	18.767
1075	29.407
1076	28.291
1077	9.313
1078	13.506
1079	21.773
1080	20.341
1081	27.493
1082	31.944
1083	28.256
1084	24.439
1085	21.562
1086	22.913
1087	20.059
1088	15.514
1089	30.393
1090	32.284
1091	30.581
1092	24.31
1093	31.603
1094	28.033
1095	27.27
1096	33.189
1097	20.247
1098	33.576
1099	27.657
1100	30.006
1101	33.987
1102	28.914
1103	19.225
1104	26.166
1105	34.328
1106	34.727
1107	35.173
1108	31.732
1109	21.398
1110	24.439
1111	31.709
1112	38.015
1113	38.332
1114	30.675
1115	18.297
1116	33.118
1117	26.917
1118	31.744
1119	28.514
1120	22.877
1121	27.869
1122	25.896
1123	26.859
1124	27.093
1125	37.51
1126	33.94
1127	23.899
1128	21.656
1129	33.682
1130	32.848
1131	33.717
1132	31.627
1133	35.443
1134	35.807
1135	25.391
1136	30.405
1137	34.398
1138	37.393
1139	37.146
1140	36.583
1141	38.227
1142	17.193
1143	15.713
1144	32.531
1145	32.566
1146	22.396
1147	30.006
1148	19.366
1149	21.092
1150	21.339
1151	15.291
1152	20.305
1153	23.253
1154	23.5
1155	26.189
1156	27.046
1157	27.434
1158	29.196
1159	20.141
1160	11.591
1161	21.656
1162	23.124
1163	25.109
1164	23.406
1165	18.591
1166	22.079
1167	27.199
1168	27.798
1169	27.939
1170	25.86
1171	16.371
1172	25.461
1173	23.324
1174	25.989
1175	32.061
1176	28.878
1177	30.816
1178	27.082
1179	32.026
1180	31.462
1181	17.052
1182	25.391
1183	33.318
1184	25.555
1185	21.668
1186	23.805
1187	26.048
1188	27.317
1189	23.993
1190	25.015
1191	24.486
1192	13.682
1193	8.467
1194	28.785
1195	26.189
1196	25.755
1197	22.196
1198	25.25
1199	19.166
1200	15.713
1201	25.79
1202	25.602
1203	12.308
1204	31.286
1205	33.329
1206	30.558
1207	32.132
1208	28.785
1209	25.79
1210	23.829
1211	23.523
1212	24.122
1213	30.241
1214	34.093
1215	20.176
1216	23.547
1217	25.25
1218	18.826
1219	9.994
1220	18.285
1221	10.534
1222	28.315
1223	32.543
1224	24.275
1225	17.898
1226	27.234
1227	12.883
1228	26.952
1229	33.917
1230	37.252
1231	37.651
1232	26.26
1233	31.873
1234	24.721
1235	34.48
1236	33.001
1237	33.236
1238	35.42
1239	31.439
1240	31.721
1241	32.472
1242	33.905
1243	34.903
1244	30.417
1245	32.049
1246	30.393
1247	30.194
1248	26.365
1249	27.187
1250	28.256
1251	27.516
1252	35.96
1253	32.965
1254	37.193
1255	35.866
1256	32.601
1257	32.672
1258	32.402
1259	35.643
1260	36.089
1261	38.438
1262	30.029
1263	27.164
1264	29.442
1265	26.025
1266	18.215
1267	18.967
1268	30.147
1269	25.989
1270	25.649
1271	19.624
1272	11.791
1273	24.075
1274	15.009
1275	16.9
1276	29.219
1277	31.169
1278	28.573
1279	16.007
1280	26.999
1281	28.42
1282	18.908
1283	15.479
1284	9.207
1285	21.879
1286	17.675
1287	13.905
1288	17.369
1289	13.329
1290	15.349
1291	29.982
1292	31.298
1293	3.194
1294	11.063
1295	28.855
1296	32.319
1297	28.667
1298	11.016
1299	24.334
1300	30.17
1301	25.073
1302	33.224
1303	26.741
1304	27.105
1305	25.449
1306	15.807
1307	27.798
1308	26.917
1309	23.711
1310	24.181
1311	24.979
1312	29.372
1313	35.514
1314	32.965
1315	27.305
1316	32.883
1317	10.253
1318	37.616
1319	37.733
1320	39.225
1321	37.898
1322	32.167
1323	36.559
1324	28.855
1325	23.699
1326	28.162
1327	26.271
1328	15.479
1329	33.506
1330	29.959
1331	35.443
1332	36.359
1333	35.173
1334	37.24
1335	32.59
1336	21.339
1337	29.372
1338	6.318
1339	2.642
1340	22.231
1341	29.853
1342	28.925
1343	25.156
1344	32.742
1345	29.63
1346	32.637
1347	18.814
1348	5.766
1349	32.413
1350	28.878
1351	35.22
1352	31.439
1353	23.829
1354	26.682
1355	32.179
1356	18.309
1357	35.984
1358	39.225
1359	34.527
1360	40.071
1361	24.827
1362	10.934
1363	29.912
1364	27.962
1365	29.618
1366	32.566
1367	33.024
1368	35.326
1369	34.797
1370	29.243
1371	9.759
1372	32.038
1373	33.964
1374	33.47
1375	36.23
1376	27.387
1377	39.389
1378	33.001
1379	32.86
1380	29.795
1381	27.775
1382	27.082
1383	32.496
1384	36.864
1385	34.833
1386	20.529
1387	29.454
1388	26.248
1389	23.805
1390	27.352
1391	14.093
1392	16.7
1393	28.808
1394	31.967
1395	36.665
1396	31.709
1397	38.415
1398	30.135
1399	16.794
1400	16.829
1401	29.748
1402	29.29
1403	34.692
1404	30.628
1405	28.655
1406	27.093
1407	18.015
1408	22.595
1409	26.812
1410	33.858
1411	34.856
1412	35.42
1413	30.229
1414	29.912
1415	31.838
1416	29.301
1417	10.358
1418	35.76
1419	27.434
1420	21.515
1421	17.287
1422	28.949
1423	30.217
1424	28.89
1425	18.861
1426	32.132
1427	31.497
1428	33.6
1429	35.103
1430	35.126
1431	31.486
1432	26.107
1433	25.942
1434	28.174
1435	24.698
1436	23.864
1437	36.301
1438	35.702
1439	37.534
1440	36.536
1441	34.774
1442	32.789
1443	25.625
1444	29.607
1445	34.011
1446	35.631
1447	38.473
1448	38.556
1449	35.279
1450	20.799
1451	4.063
1452	30.922
1453	31.11
1454	15.408
1455	33.376
1456	31.298
1457	29.019
1458	34.292
1459	28.808
1460	26.847
1461	22.02
1462	30.253
1463	34.75
1464	36.641
1465	33.071
1466	32.871
1467	36.007
1468	30.511
1469	28.068
1470	24.122
1471	28.127
1472	31.239
1473	30.511
1474	34.809
1475	35.537
1476	33.165
1477	33.447
1478	34.633
1479	30.828
1480	15.197
1481	33.917
1482	38.18
1483	34.762
1484	34.457
1485	34.433
1486	38.238
1487	38.896
1488	39.8
1489	38.732
1490	35.737
1491	28.855
1492	30.558
1493	19.154
1494	16.665
1495	28.62
1496	15.948
1497	15.009
1498	21.726
1499	33.799
1500	22.56
1501	28.303
1502	27.011
1503	33.13
1504	34.281
1505	23.1
1506	25.884
1507	25.567
1508	26.33
1509	27.399
1510	30.969
1511	21.879
1512	5.684
1513	30.065
1514	30.887
1515	32.895
1516	35.725
1517	33.87
1518	34.246
1519	34.41
1520	35.89
1521	23.899
1522	27.105
1523	25.684
1524	24.592
1525	13.541
1526	16.841
1527	28.385
1528	33.247
1529	32.93
1530	27.751
1531	33.13
1532	34.152
1533	35.549
1534	33.259
1535	17.452
1536	31.838
1537	33.059
1538	33.494
1539	33.952
1540	34.022
1541	29.677
1542	34.574
1543	24.968
1544	25.825
1545	30.887
1546	30.194
1547	25.097
1548	21.292
1549	20.975
1550	28.726
1551	28.092
1552	26.952
1553	31.345
1554	29.924
1555	31.133
1556	28.162
1557	23.077
1558	30.029
1559	30.581
1560	28.843
1561	26.964
1562	30.534
1563	27.457
1564	30.194
1565	30.875
1566	27.751
1567	34.363
1568	34.598
1569	30.346
1570	32.989
1571	33.282
1572	34.762
1573	32.413
1574	24.439
1575	30.159
1576	29.642
1577	22.055
1578	7.27
1579	6.248
1580	6.13
1581	6.812
1582	20.963
1583	24.815
1584	31.603
1585	26.682
1586	23.171
1587	8.491
1588	8.08
1589	10.804
1590	31.544
1591	33.059
1592	34.469
1593	33.588
1594	33.318
1595	28.503
1596	31.075
1597	31.979
1598	31.333
1599	31.345
1600	27.904
1601	34.797
1602	34.727
1603	36.794
1604	36.265
1605	30.452
1606	33.071
1607	31.674
1608	34.95
1609	29.818
1610	24.721
1611	24.521
1612	31.016
1613	32.143
1614	33.482
1615	23.042
1616	8.28
1617	5.743
1618	9.853
1619	19.213
1620	19.566
1621	13.306
1622	6.788
1623	10.264
1624	5.942
1625	8.972
1626	6.812
1627	6.976
1628	8.702
1629	26.565
1630	28.327
1631	26.354
1632	30.675
1633	34.163
1634	30.382
1635	28.949
1636	31.732
1637	35.162
1638	37.017
1639	33.975
1640	37.052
1641	37.769
1642	35.302
1643	27.857
1644	35.373
1645	27.951
1646	25.684
1647	34.997
1648	31.92
1649	33.306
1650	27.786
1651	24.874
1652	24.815
1653	26.177
1654	28.89
1655	32.672
1656	30.781
1657	32.355
1658	37.217
1659	30.159
1660	28.925
1661	32.39
1662	31.497
1663	29.759
1664	25.344
1665	23.042
1666	22.654
1667	22.126
1668	13.564
1669	19.941
1670	22.02
1671	22.936
1672	21.856
1673	20.846
1674	26.87
1675	26.753
1676	20.998
1677	23.511
1678	30.159
1679	21.926
1680	21.409
1681	26.412
1682	27.61
1683	25.637
1684	27.317
1685	28.28
1686	31.58
1687	27.27
1688	32.519
1689	28.808
1690	27.704
1691	32.813
1692	26.753
1693	28.432
1694	33.177
1695	32.695
1696	32.86
1697	30.076
1698	31.544
1699	31.169
1700	31.674
1701	32.425
1702	29.618
1703	26.025
1704	31.944
1705	29.665
1706	33.729
1707	31.063
1708	25.614
1709	19.354
1710	23.899
1711	20.341
1712	30.135
1713	33.717
1714	28.444
1715	31.31
1716	33.482
1717	32.566
1718	34.598
1719	32.66
1720	30.405
1721	26.894
1722	31.122
1723	23.218
1724	30.746
1725	26.518
1726	31.58
1727	33.893
1728	26.036
1729	29.524
1730	8.033
1731	23.429
1732	36.641
1733	33.799
1734	35.068
1735	35.596
1736	29.583
1737	35.22
1738	27.575
1739	30.617
1740	33.012
1741	30.628
1742	30.887
1743	32.965
1744	28.632
1745	31.944
1746	31.474
1747	26.952
1748	30.264
1749	32.965
1750	19.154
1751	31.063
1752	33.329
1753	33.048
1754	23.629
1755	20.223
1756	26.659
1757	24.005
1758	28.491
1759	33.271
1760	29.959
1761	26.6
1762	25.026
1763	25.214
1764	21.351
1765	24.639
1766	28.561
1767	30.37
1768	29.924
1769	33.036
1770	30.499
1771	32.237
1772	28.878
1773	29.243
1774	28.374
1775	29.501
1776	29.853
1777	29.642
1778	19.659
1779	32.39
1780	26.882
1781	33.083
1782	32.378
1783	35.432
1784	29.947
1785	31.415
1786	29.935
1787	25.496
1788	29.466
1789	30.112
1790	18.556
1791	29.877
1792	26.213
1793	32.437
1794	24.944
1795	24.839
1796	27.798
1797	31.427
1798	18.732
1799	28.514
1800	22.114
1801	16.817
1802	20.176
1803	15.385
1804	28.479
1805	32.801
1806	26.859
1807	23.053
1808	19.718
1809	21.644
1810	26.283
1811	25.484
1812	31.239
1813	31.051
1814	29.595
1815	28.632
1816	32.778
1817	33.306
1818	23.171
1819	23.664
1820	22.184
1821	31.814
1822	33.799
1823	31.486
1824	25.144
1825	31.345
1826	31.38
1827	33.893
1828	33.611
1829	35.984
1830	35.937
1831	32.425
1832	34.433
1833	30.335
1834	29.348
1835	18.602
1836	33.67
1837	31.685
1838	33.999
1839	35.667
1840	35.314
1841	38.051
1842	38.168
1843	38.873
1844	35.901
1845	30.816
1846	36.348
1847	30.887
1848	23.171
1849	26.894
1850	23.958
1851	25.073
1852	19.002
1853	6.213
1854	6.119
1855	18.45
1856	19.612
1857	31.497
1858	31.638
1859	31.368
1860	29.842
1861	31.157
1862	28.009
1863	34.516
1864	29.466
1865	17.874
1866	25.473
1867	27.211
1868	29.395
1869	30.253
1870	26.154
1871	31.18
1872	37.252
1873	34.011
1874	32.93
1875	29.125
1876	35.89
1877	35.279
1878	25.496
1879	28.432
1880	13.823
1881	25.872
1882	29.947
1883	33.917
1884	33.059
1885	36.618
1886	36.759
1887	32.038
1888	33.259
1889	17.945
1890	26.87
1891	34.398
1892	18.544
1893	16.935
1894	19.401
1895	31.826
1896	38.673
1897	34.938
1898	34.081
1899	26.119
1900	30.487
1901	31.133
1902	11.908
1903	17.217
1904	17.921
1905	23.864
1906	29.337
1907	21.339
1908	21.304
1909	27.07
1910	23.206
1911	28.761
1912	28.773
1913	28.832
1914	23.735
1915	28.538
1916	28.338
1917	26.307
1918	29.29
1919	31.333
1920	28.561
1921	31.932
1922	29.019
1923	28.256
1924	18.25
1925	16.806
1926	30.687
1927	29.313
1928	20.787
1929	27.54
1930	26.706
1931	24.745
1932	30.711
1933	29.008
1934	29.548
1935	16.853
1936	18.227
1937	18.931
1938	24.709
1939	16.312
1940	23.57
1941	32.378
1942	29.571
1943	17.898
1944	15.185
1945	18.074
1946	25.989
1947	20.082
1948	28.526
1949	23.523
1950	31.826
1951	31.227
1952	31.38
1953	26.671
1954	24.275
1955	30.37
1956	27.176
1957	27.869
1958	27.082
1959	26.307
1960	30.288
1961	31.298
1962	30.922
1963	28.867
1964	20.975
1965	24.005
1966	31.051
1967	26.166
1968	27.105
1969	17.299
1970	27.622
1971	29.231
1972	29.595
1973	28.984
1974	28.573
1975	27.939
1976	27.81
1977	27.704
1978	20.505
1979	28.233
1980	29.853
1981	30.206
1982	32.977
1983	22.936
1984	24.933
1985	21.48
1986	18.767
1987	24.099
1988	29.243
1989	24.592
1990	19.366
1991	26.412
1992	28.773
1993	29.113
1994	26.142
1995	28.702
1996	26.001
1997	25.649
1998	27.117
1999	23.253
2000	20.799
2001	22.654
2002	30.37
2003	26.765
2004	29.466
2005	32.566
2006	31.227
2007	25.684
2008	27.775
2009	29.419
2010	29.736
2011	26.26
2012	23.265
2013	28.009
2014	29.63
2015	31.65
2016	34.668
2017	34.938
2018	33.928
2019	29.595
2020	23.911
2021	26.412
2022	24.557
2023	22.901
2024	19.002
2025	24.862
2026	22.595
2027	23.641
2028	24.874
2029	26.776
2030	25.461
2031	26.213
2032	28.914
2033	25.567
2034	29.383
2035	21.139
2036	24.557
2037	26.177
2038	25.238
2039	19.589
2040	29.994
2041	22.572
2042	23.523
2043	27.822
2044	17.851
2045	19.601
2046	12.719
2047	23.793
2048	24.651
2049	24.428
2050	30.664
2051	31.145
2052	27.915
2053	27.927
2054	34.574
2055	36.042
2056	31.403
2057	34.927
2058	35.126
2059	32.719
2060	30.945
2061	26.271
2062	28.303
2063	24.005
2064	27.105
2065	27.904
2066	29.219
2067	25.578
2068	29.607
2069	24.099
2070	30.123
2071	25.379
2072	29.818
2073	24.016
2074	33.588
2075	28.867
2076	31.227
2077	31.756
2078	22.701
2079	32.883
2080	36.547
2081	34.844
2082	37.546
2083	25.625
2084	35.009
2085	38.978
2086	35.338
2087	36.195
2088	28.186
2089	24.298
2090	36.7
2091	31.122
2092	31.403
2093	39.002
2094	33.106
2095	21.914
2096	36.536
2097	39.613
2098	35.009
2099	31.991
2100	35.714
2101	31.274
2102	32.284
2103	32.366
2104	23.018
2105	34.222
2106	31.45
2107	27.587
2108	37.663
2109	27.892
2110	15.643
2111	30.135
2112	29.971
2113	32.531
2114	25.214
2115	24.381
2116	38.473
2117	33.752
2118	21.327
2119	26.271
2120	31.274
2121	33.67
2122	29.912
2123	22.995
2124	25.097
2125	26.318
2126	27.211
2127	18.685
2128	25.144
2129	15.396
2130	20.987
2131	24.451
2132	25.261
2133	20.799
2134	19.002
2135	22.866
2136	24.087
2137	17.792
2138	20.305
2139	17.968
2140	20.493
2141	23.324
2142	26.33
2143	27.657
2144	21.339
2145	18.086
2146	18.978
2147	21.609
2148	30.687
2149	24.122
2150	25.438
2151	32.543
2152	31.075
2153	32.625
2154	28.714
2155	28.209
2156	30.405
2157	26.588
2158	19.237
2159	22.502
2160	28.667
2161	24.568
2162	25.755
2163	20.458
2164	22.842
2165	23.547
2166	24.275
2167	16.336
2168	29.888
2169	25.344
2170	22.043
2171	21.609
2172	28.691
2173	27.939
2174	30.3
2175	29.947
2176	29.09
2177	26.917
2178	26.436
2179	30.44
2180	21.527
2181	31.403
2182	31.897
2183	30.617
2184	28.902
2185	34.715
2186	26.671
2187	27.07
2188	26.964
2189	27.41
2190	26.412
2191	21.973
2192	25.461
2193	32.402
2194	30.546
2195	27.152
2196	27.457
2197	22.208
2198	15.255
2199	14.657
2200	13.212
2201	13.106
2202	17.745
2203	27.704
2204	28.15
2205	24.11
2206	22.795
2207	21.022
2208	26.8
2209	27.258
2210	25.003
2211	26.154
2212	28.984
2213	29.994
2214	21.832
2215	26.87
2216	24.874
2217	29.959
2218	31.486
2219	30.253
2220	28.573
2221	28.42
2222	30.44
2223	27.023
2224	27.258
2225	21.95
2226	15.479
2227	22.901
2228	25.05
2229	20.082
2230	23.793
2231	27.833
2232	13.071
2233	14.504
2234	14.621
2235	27.88
2236	28.268
2237	33.623
2238	33.212
2239	37.111
2240	31.674
2241	28.068
2242	35.49
2243	36.254
2244	30.898
2245	32.12
2246	32.202
2247	30.558
2248	36.453
2249	40.822
2250	30.206
2251	38.92
2252	41.844
2253	35.255
2254	36.559
2255	32.167
2256	34.069
2257	35.573
2258	35.115
2259	35.937
2260	38.614
2261	30.17
2262	34.868
2263	37.334
2264	36.665
2265	30.945
2266	36.723
2267	33.165
2268	37.311
2269	29.29
2270	34.786
2271	27.504
2272	27.058
2273	32.519
2274	23.053
2275	23.136
2276	19.624
2277	28.761
2278	17.416
2279	31.533
2280	27.281
2281	23.277
2282	33.741
2283	35.091
2284	37.358
2285	38.309
2286	38.18
2287	37.428
2288	36.136
2289	35.725
2290	37.158
2291	37.311
2292	37.405
2293	41.221
2294	35.49
2295	34.081
2296	23.664
2297	23.782
2298	22.513
2299	21.092
2300	32.86
2301	32.507
2302	34.422
2303	35.126
2304	37.992
2305	37.933
2306	36.383
2307	30.84
2308	38.074
2309	36.512
2310	23.006
2311	28.28
2312	27.927
2313	26.318
2314	32.284
2315	34.621
2316	36.218
2317	33.647
2318	32.848
2319	39.671
2320	39.049
2321	35.244
2322	33.541
2323	28.996
2324	35.631
2325	34.128
2326	33.94
2327	32.249
2328	30.053
2329	32.143
2330	31.45
2331	28.444
2332	25.438
2333	26.13
2334	24.369
2335	25.637
2336	19.154
2337	4.874
2338	4.756
2339	5.038
2340	5.496
2341	4.263
2342	5.437
2343	4.78
2344	12.378
2345	14.821
2346	2.278
2347	19.107
2348	14.351
2349	18.544
2350	3.582
2351	5.191
2352	5.367
2353	8.538
2354	27.587
2355	23.864
2356	27.692
2357	26.13
2358	29.395
2359	24.31
2360	23.594
2361	27.305
2362	28.092
2363	34.069
2364	31.768
2365	27.692
2366	25.285
2367	28.878
2368	28.009
2369	30.934
2370	31.028
2371	30.687
2372	26.107
2373	30.957
2374	33.611
2375	30.44
2376	29.207
2377	34.14
2378	34.398
2379	36.794
2380	35.984
2381	35.772
2382	35.854
2383	32.695
2384	32.096
2385	30.182
2386	28.925
2387	33.423
2388	24.839
2389	33.846
2390	34.105
2391	31.544
2392	26.248
2393	33.576
2394	39.025
2395	38.814
2396	29.748
2397	29.595
2398	20.117
2399	21.257
2400	33.564
2401	33.365
2402	32.613
2403	36.829
2404	34.281
2405	35.467
2406	34.187
2407	34.433
2408	39.495
2409	36.312
2410	33.94
2411	32.813
2412	34.163
2413	32.789
2414	32.038
2415	34.692
2416	36.019
2417	25.872
2418	24.04
2419	30.499
2420	31.122
2421	33.834
2422	18.415
2423	29.16
2424	26.26
2425	22.173
2426	23.441
2427	29.83
2428	24.733
2429	28.914
2430	32.061
2431	24.263
2432	30.006
2433	34.234
2434	32.93
2435	31.004
2436	35.361
2437	36.359
2438	24.968
2439	26.471
2440	25.461
2441	27.61
2442	23.829
2443	16.324
2444	22.337
2445	24.322
2446	24.028
2447	25.743
2448	28.432
2449	34.586
2450	27.563
2451	33.4
2452	27.551
2453	29.254
2454	33.553
2455	29.196
2456	28.867
2457	21.456
2458	25.708
2459	19.871
2460	24.662
2461	25.367
2462	28.409
2463	21.503
2464	21.127
2465	25.203
2466	26.177
2467	33.2
2468	20.352
2469	33.153
2470	26.976
2471	26.8
2472	26.166
2473	27.763
2474	19.765
2475	25.508
2476	30.769
2477	30.276
2478	32.39
2479	32.625
2480	31.697
2481	35.749
2482	37.228
2483	36.524
2484	34.163
2485	35.349
2486	34.445
2487	34.833
2488	37.745
2489	37.604
2490	33.858
2491	31.744
2492	26.859
2493	30.546
2494	23.605
2495	30.288
2496	32.684
2497	32.907
2498	33.647
2499	38.755
2500	31.814
2501	21.257
2502	33.47
2503	33.083
2504	38.908
2505	33.787
2506	31.075
2507	32.331
2508	34.539
2509	38.145
2510	35.854
2511	37.193
2512	33.834
2513	33.365
2514	29.113
2515	32.578
2516	28.327
2517	30.523
2518	32.578
2519	33.588
2520	34.539
2521	37.123
2522	35.267
2523	38.638
2524	23.617
2525	25.614
2526	27.88
2527	24.803
2528	24.85
2529	26.447
2530	29.888
2531	31.885
2532	33.2
2533	31.697
2534	33.318
2535	27.645
2536	31.744
2537	31.051
2538	33.329
2539	23.688
2540	24.944
2541	30.123
2542	35.361
2543	29.524
2544	27.892
2545	28.843
2546	34.61
2547	36.63
2548	26.189
2549	28.914
2550	32.954
2551	23.347
2552	28.303
2553	30.006
2554	27.822
2555	27.61
2556	29.043
2557	29.254
2558	24.428
2559	32.989
2560	28.585
2561	36.371
2562	37.264
2563	32.625
2564	32.284
2565	19.002
2566	36.406
2567	28.667
2568	30.828
2569	33.506
2570	33.236
2571	26.142
2572	29.689
2573	32.648
2574	35.596
2575	37.322
2576	35.349
2577	38.309
2578	39.225
2579	37.452
2580	33.87
2581	27.328
2582	35.937
2583	34.304
2584	39.613
2585	37.628
2586	36.935
2587	34.844
2588	33.271
2589	33.834
2590	33.94
2591	33.764
2592	35.807
2593	28.808
2594	29.971
2595	31.075
2596	30.511
2597	35.115
2598	27.822
2599	18.767
2600	34.163
2601	28.056
2602	35.62
2603	30.253
2604	31.392
2605	34.997
2606	24.909
2607	19.272
2608	26.048
2609	33.012
2610	35.068
2611	34.95
2612	37.945
2613	36.242
2614	38.133
2615	38.743
2616	36.512
2617	30.699
2618	35.526
2619	31.18
2620	25.379
2621	26.952
2622	22.983
2623	29.383
2624	29.924
2625	32.002
2626	26.788
2627	33.553
2628	33.153
2629	39.201
2630	32.237
2631	32.883
2632	32.648
2633	24.334
2634	33.553
2635	38.567
2636	38.52
2637	35.972
2638	35.725
2639	34.234
2640	29.9
2641	34.692
2642	36.336
2643	36.641
2644	33.341
2645	37.311
2646	34.398
2647	33.388
2648	38.051
2649	40.082
2650	37.51
2651	37.358
2652	38.145
2653	32.413
2654	34.21
2655	26.424
2656	30.335
2657	33.811
2658	37.311
2659	33.294
2660	34.351
2661	37.44
2662	31.345
2663	30.793
2664	26.823
2665	22.196
2666	24.463
2667	25.109
2668	28.526
2669	28.221
2670	29.395
2671	30.664
2672	31.227
2673	29.571
2674	32.895
2675	29.536
2676	23.394
2677	29.947
2678	28.291
2679	31.122
2680	30.029
2681	32.014
2682	36.583
2683	29.29
2684	25.097
2685	34.316
2686	29.806
2687	31.345
2688	34.011
2689	28.491
2690	28.843
2691	31.028
2692	33.705
2693	31.814
2694	31.462
2695	34.269
2696	31.039
2697	27.516
2698	34.445
2699	35.89
2700	32.378
2701	32.085
2702	39.46
2703	36.935
2704	38.18
2705	34.563
2706	29.982
2707	34.41
2708	34.68
2709	36.371
2710	33.576
2711	32.437
2712	33.083
2713	27.293
2714	39.295
2715	37.722
2716	32.543
2717	22.349
2718	33.705
2719	35.467
2720	27.915
2721	28.961
2722	32.284
2723	34.469
2724	33.811
2725	28.925
2726	19.425
2727	14.75
2728	21.08
2729	29.595
2730	29.113
2731	26.424
2732	18.309
2733	17.205
2734	18.309
2735	15.103
2736	14.692
2737	20.399
2738	16.195
2739	14.163
2740	19.706
2741	21.151
2742	19.977
2743	26.882
2744	25.25
2745	26.565
2746	24.369
2747	22.725
2748	22.971
2749	19.295
2750	23.852
2751	29.313
2752	35.209
2753	33.975
2754	29.56
2755	33.987
2756	30.206
2757	33.764
2758	33.47
2759	35.291
2760	32.883
2761	18.802
2762	34.128
2763	37.088
2764	35.62
2765	31.826
2766	32.343
2767	37.992
2768	28.714
2769	32.531
2770	35.725
2771	34.574
2772	27.951
2773	16.864
2774	35.115
2775	35.244
2776	34.786
2777	39.577
2778	29.853
2779	35.596
2780	33.553
2781	36.453
2782	36.735
2783	32.507
2784	27.927
2785	15.878
2786	26.459
2787	20.904
2788	28.244
2789	27.223
2790	31.603
2791	27.939
2792	30.029
2793	25.602
2794	32.073
2795	32.824
2796	29.524
2797	32.942
2798	21.198
2799	27.082
2800	29.243
2801	35.126
2802	38.015
2803	31.944
2804	32.543
2805	37.24
2806	30.182
2807	29.595
2808	25.226
2809	30.981
2810	25.426
2811	29.489
2812	33.576
2813	37.205
2814	28.479
2815	35.573
2816	33.271
2817	33.001
2818	31.897
2819	31.216
2820	33.576
2821	34.692
2822	33.87
2823	31.838
2824	37.98
2825	37.017
2826	36.5
2827	33.435
2828	33.752
2829	36.125
2830	38.837
2831	33.893
2832	33.576
2833	34.551
2834	35.021
2835	32.378
2836	32.343
2837	30.44
2838	34.21
2839	33.494
2840	36.383
2841	33.412
2842	32.143
2843	32.331
2844	37.44
2845	29.63
2846	36.63
2847	35.467
2848	38.438
2849	35.96
2850	36.559
2851	31.685
2852	25.12
2853	20.728
2854	7.998
2855	5.109
2856	14.586
2857	22.466
2858	34.492
2859	26.459
2860	25.496
2861	29.29
2862	28.432
2863	22.854
2864	17.992
2865	8.244
2866	13.858
2867	21.75
2868	17.886
2869	18.544
2870	19.213
2871	21.809
2872	21.268
2873	21.339
2874	20.0
2875	14.469
2876	18.779
2877	14.187
2878	25.649
2879	21.163
2880	21.069
2881	14.797
2882	28.303
2883	31.345
2884	32.543
2885	32.308
2886	33.834
2887	26.635
2888	39.413
2889	38.708
2890	31.838
2891	35.056
2892	38.884
2893	36.489
2894	33.741
2895	34.14
2896	36.242
2897	35.349
2898	34.386
2899	30.91
2900	32.543
2901	31.814
2902	30.934
2903	31.368
2904	34.246
2905	30.922
2906	35.255
2907	32.155
2908	27.493
2909	29.771
2910	34.727
2911	35.479
2912	36.888
2913	38.837
2914	36.489
2915	37.358
2916	32.813
2917	30.264
2918	32.801
2919	32.261
2920	33.435
2921	32.637
2922	35.267
2923	28.644
2924	32.824
2925	33.118
2926	38.332
2927	39.178
2928	37.475
2929	37.111
2930	36.888
2931	34.175
2932	35.854
2933	26.8
2934	32.977
2935	25.297
2936	18.45
2937	10.358
2938	34.199
2939	36.9
2940	22.654
2941	25.132
2942	32.284
2943	33.928
2944	32.801
2945	35.291
2946	37.992
2947	35.854
2948	40.435
2949	41.092
2950	35.479
2951	40.282
2952	38.626
2953	38.779
2954	37.816
2955	39.718
2956	37.921
2957	40.846
2958	42.196
2959	36.277
2960	35.361
2961	32.965
2962	39.554
2963	40.517
2964	36.759
2965	39.718
2966	36.007
2967	35.643
2968	39.166
2969	35.89
2970	33.306
2971	32.237
2972	32.554
2973	9.477
2974	33.365
2975	37.299
2976	36.406
2977	36.371
2978	36.465
2979	38.156
2980	30.558
2981	24.334
2982	36.148
2983	39.037
2984	40.352
2985	39.049
2986	38.591
2987	40.775
2988	42.314
2989	39.8
2990	39.037
2991	35.209
2992	25.484
2993	33.435
2994	16.853
2995	34.046
2996	29.654
2997	39.002
2998	40.411
2999	38.755
3000	30.112
3001	23.923
3002	27.129
3003	24.345
3004	33.717
3005	34.704
3006	29.982
3007	28.045
3008	31.732
3009	36.371
3010	38.391
3011	36.183
3012	34.292
3013	33.987
3014	24.134
3015	18.321
3016	20.975
3017	23.171
3018	21.127
3019	34.88
3020	28.467
3021	20.869
3022	17.675
3023	30.288
3024	28.35
3025	29.09
3026	16.794
3027	30.476
3028	30.758
3029	30.123
3030	28.42
3031	32.155
3032	38.004
3033	32.684
3034	31.709
3035	24.592
3036	24.028
3037	36.125
3038	37.111
3039	37.886
3040	33.811
3041	33.6
3042	31.791
3043	32.12
3044	32.613
3045	32.519
3046	33.823
3047	34.163
3048	33.576
3049	30.593
3050	35.972
3051	33.001
3052	32.871
3053	30.464
3054	27.904
3055	27.457
3056	28.914
3057	31.955
3058	29.56
3059	19.107
3060	25.52
3061	26.741
3062	30.758
3063	32.754
3064	31.932
3065	32.096
3066	37.416
3067	36.277
3068	31.333
3069	37.463
3070	31.427
3071	33.318
3072	33.165
3073	38.603
3074	37.017
3075	34.774
3076	37.088
3077	35.878
3078	36.395
3079	34.011
3080	31.474
3081	32.754
3082	22.548
3083	20.282
3084	23.359
3085	31.004
3086	21.468
3087	31.45
3088	28.139
3089	17.264
3090	8.667
3091	14.281
3092	14.316
3093	22.008
3094	26.964
3095	28.82
3096	28.925
3097	21.08
3098	24.134
3099	26.459
3100	26.541
3101	20.106
3102	32.402
3103	32.601
3104	32.543
3105	28.902
3106	31.697
3107	35.326
3108	34.61
3109	27.845
3110	33.776
3111	30.581
3112	35.89
3113	38.25
3114	32.237
3115	35.843
3116	31.169
3117	35.573
3118	34.61
3119	31.427
3120	29.383
3121	33.917
3122	35.96
3123	32.578
3124	36.7
3125	31.756
3126	35.514
3127	35.009
3128	32.143
3129	30.84
3130	36.336
3131	33.236
3132	32.46
3133	36.853
3134	36.23
3135	33.388
3136	33.165
3137	36.817
3138	27.258
3139	33.177
3140	34.457
3141	38.426
3142	28.961
3143	38.497
3144	38.297
3145	37.522
3146	35.044
3147	30.393
3148	32.848
3149	30.088
3150	32.273
3151	35.244
3152	29.689
3153	21.644
3154	23.876
3155	23.042
3156	27.152
3157	22.701
3158	30.687
3159	24.005
3160	26.694
3161	24.416
3162	23.558
3163	28.832
3164	26.33
3165	17.428
3166	36.594
3167	33.917
3168	36.864
3169	33.787
3170	33.705
3171	29.16
3172	27.223
3173	23.993
3174	31.086
3175	25.896
3176	25.344
3177	25.966
3178	30.241
3179	39.636
3180	31.838
3181	33.001
3182	34.75
3183	33.87
3184	32.014
3185	31.427
3186	33.529
3187	31.298
3188	30.135
3189	28.186
3190	27.046
3191	24.709
3192	28.632
3193	30.558
3194	30.769
3195	25.672
3196	27.939
3197	29.301
3198	28.268
3199	22.689
3200	30.065
3201	33.529
3202	18.297
3203	24.803
3204	21.245
3205	31.897
3206	27.704
3207	31.709
3208	37.581
3209	37.757
3210	35.972
3211	37.686
3212	29.383
3213	34.774
3214	34.997
3215	28.045
3216	29.583
3217	29.982
3218	31.474
3219	33.517
3220	34.14
3221	32.108
3222	34.586
3223	29.842
3224	36.817
3225	33.506
3226	35.103
3227	32.519
3228	35.96
3229	35.42
3230	35.608
3231	37.275
3232	37.546
3233	33.47
3234	34.668
3235	34.833
3236	36.324
3237	36.277
3238	37.275
3239	32.19
3240	32.531
3241	29.971
3242	34.504
3243	34.539
3244	34.269
3245	31.803
3246	31.908
3247	22.443
3248	24.944
3249	23.676
3250	31.028
3251	30.487
3252	28.526
3253	33.4
3254	23.711
3255	36.641
3256	35.549
3257	33.811
3258	31.133
3259	36.183
3260	28.796
3261	29.618
3262	30.981
3263	32.824
3264	33.376
3265	34.152
3266	37.44
3267	10.452
3268	3.829
3269	11.767
3270	24.592
3271	25.073
3272	28.573
3273	22.196
3274	25.05
3275	29.113
3276	24.85
3277	27.187
3278	29.994
3279	29.982
3280	30.499
3281	27.763
3282	21.292
3283	31.192
3284	34.962
3285	35.255
3286	35.291
3287	35.514
3288	36.172
3289	36.641
3290	36.465
3291	30.675
3292	33.823
3293	36.806
3294	27.422
3295	34.152
3296	34.75
3297	32.977
3298	31.227
3299	28.374
3300	24.134
3301	27.986
3302	32.613
3303	33.905
3304	30.64
3305	30.828
3306	33.494
3307	33.412
3308	23.288
3309	32.284
3310	33.012
3311	30.452
3312	31.274
3313	34.422
3314	33.259
3315	32.648
3316	30.147
3317	27.27
3318	31.169
3319	30.1
3320	26.894
3321	31.791
3322	26.001
3323	18.227
3324	24.745
3325	12.343
3326	11.709
3327	13.647
3328	8.127
3329	29.583
3330	24.157
3331	31.521
3332	31.58
3333	32.366
3334	29.489
3335	24.592
3336	32.096
3337	32.061
3338	20.188
3339	31.709
3340	33.482
3341	30.053
3342	33.282
3343	30.758
3344	27.833
3345	22.701
3346	27.258
3347	28.42
3348	26.083
3349	28.15
3350	24.674
3351	29.853
3352	19.378
3353	29.301
3354	27.528
3355	28.115
3356	20.881
3357	33.059
3358	26.823
3359	30.992
3360	29.513
3361	36.723
3362	21.292
3363	30.84
3364	35.467
3365	35.162
3366	31.216
3367	34.093
3368	40.329
3369	36.935
3370	32.496
3371	31.169
3372	34.75
3373	36.066
3374	29.395
3375	35.796
3376	30.088
3377	28.432
3378	27.857
3379	22.396
3380	18.755
3381	30.957
3382	32.637
3383	28.972
3384	15.819
3385	33.47
3386	34.715
3387	30.687
3388	31.85
3389	29.219
3390	26.518
3391	26.718
3392	29.888
3393	21.515
3394	29.771
3395	27.176
3396	29.771
3397	29.771
3398	24.944
3399	32.284
3400	31.814
3401	19.46
3402	22.255
3403	32.143
3404	30.922
3405	22.901
3406	28.186
3407	27.786
3408	14.375
3409	14.645
3410	18.473
3411	27.34
3412	28.925
3413	31.039
3414	31.368
3415	26.635
3416	27.575
3417	30.382
3418	31.392
3419	23.993
3420	24.51
3421	31.861
3422	32.871
3423	34.88
3424	32.543
3425	28.338
3426	29.031
3427	32.214
3428	30.159
3429	21.421
3430	25.449
3431	33.588
3432	30.499
3433	34.586
3434	30.781
3435	30.605
3436	32.824
3437	26.424
3438	24.521
3439	28.42
3440	19.072
3441	18.967
3442	20.928
3443	25.719
3444	28.045
3445	31.45
3446	36.007
3447	29.489
3448	31.568
3449	24.933
3450	28.644
3451	29.36
3452	31.674
3453	22.29
3454	28.655
3455	28.456
3456	32.496
3457	30.393
3458	28.362
3459	24.474
3460	33.212
3461	35.232
3462	33.13
3463	28.573
3464	29.607
3465	31.897
3466	30.922
3467	29.853
3468	27.293
3469	28.843
3470	31.11
3471	29.207
3472	29.278
3473	30.006
3474	28.197
3475	33.799
3476	33.905
3477	33.494
3478	37.17
3479	28.632
3480	27.035
3481	24.486
3482	29.736
3483	29.031
3484	19.53
3485	22.196
3486	21.351
3487	20.035
3488	22.854
3489	27.41
3490	26.494
3491	24.604
3492	25.308
3493	25.649
3494	23.159
3495	22.102
3496	25.555
3497	24.451
3498	19.859
3499	16.218
3500	17.487
3501	15.279
3502	30.898
3503	29.701
3504	34.41
3505	32.496
3506	32.566
3507	34.269
3508	37.17
3509	36.089
3510	29.149
3511	33.341
3512	36.935
3513	28.115
3514	26.753
3515	24.005
3516	22.701
3517	16.829
3518	15.338
3519	25.144
3520	30.617
3521	19.507
3522	20.505
3523	36.265
3524	35.291
3525	31.603
3526	36.007
3527	24.063
3528	31.615
3529	23.77
3530	21.151
3531	31.92
3532	33.423
3533	19.612
3534	32.989
3535	38.015
3536	36.23
3537	37.851
3538	26.295
3539	19.53
3540	28.691
3541	35.373
3542	33.905
3543	25.285
3544	31.427
3545	34.222
3546	38.086
3547	35.948
3548	36.594
3549	38.626
3550	33.858
3551	29.912
3552	27.434
3553	14.809
3554	15.197
3555	16.453
3556	33.975
3557	33.306
3558	34.715
3559	34.868
3560	14.398
3561	21.127
3562	33.529
3563	31.603
3564	10.018
3565	22.595
3566	37.886
3567	34.527
3568	24.627
3569	31.356
3570	33.682
3571	29.196
3572	25.637
3573	27.493
3574	17.099
3575	22.126
3576	27.317
3577	13.235
3578	28.115
3579	26.471
3580	30.675
3581	27.105
3582	28.42
3583	31.063
3584	31.415
3585	24.263
3586	34.398
3587	34.621
3588	37.123
3589	28.902
3590	37.381
3591	34.868
3592	36.806
3593	25.167
3594	34.809
3595	38.344
3596	37.217
3597	40.082
3598	37.804
3599	26.036
